#Type#NoLimit
#Range0#AA:0.723632932,QQ:0.0528564453,JJ:0.236694336,TT:0.635986447,99:0.826934814,88:0.495586425,77:0.400753647,66:0.391036719,55:0.328133315,44:0.248686835,33:0.141189039,22:0.008421436,AQs:0.495605469,AQo:0.581543088,AJs:0.99999994,AJo:0.176093981,ATs,A9s:0.8989259,A8s:0.381416619,A7s:0.0311181843,A6s:0.0016922643,A5s:0.0677626207,A4s:0.109033599,A3s:0.0624528378,A2s:0.0653411448,KQs,KQo:0.286251545,KJs,KTs,K9s:0.435546875,K8s:0.0089323595,K7s:0.167815715,K6s:0.217846066,QJs,QTs:0.727783322,JTs:0.717285275,J9s:0.0514673106,T9s:0.0253356751,87s:0.453221619,76s:0.710009634,65s:0.713644207,64s:0.0125280349,54s:0.50071907
#Range1#AA,KK,QQ,JJ:0.935241818,TT:0.55493176,99:0.121643066,88:0.0787353516,AK,AQs:0.270751953,AJo:0.15625,ATo:0.287597656,A9o:0.241577148,A8o:0.218017578,A7o:0.113098145,A6o:0.0149307251,A5o:0.234008789,A4o:0.117126465,KQo:0.0334472656,KJo:0.157958984,KTo:0.158203125,K9o:0.150512695,K7o:0.0013275147,K3s:0.0517578125,K2s:0.0572814941,QJo:0.244628906,QTo:0.231567383,Q9o:0.0203399658,Q7s:0.0259246826,Q6s:0.0814819336,Q5s:0.237060547,Q4s:0.360107422,Q3s:0.328613281,Q2s:0.444335938,JTo:0.126098633,J9o:0.0513305664,J6s:0.209472656,J5s:0.302001953,J4s:0.207763672,J3s:0.199951172,T9o:0.117614746,T6s:0.209106445,98o:0.0159912109,95s:0.0277099591,87o:0.0431518555,85s:0.067199707,84s:0.0665283203,76o:0.0153961182,74s:0.110717773,63s:0.151123032,52s:0.0357666016,42s:0.0540771484
#Board#Qs Jh 2h
#Pot#500
#EffectiveStacks#1000
#AllinThreshold#67
#AddAllinOnlyIfLessThanThisTimesThePot#250
#FlopConfig.RaiseSize#3x
#FlopConfig.AddAllin#True
#TurnConfig.BetSize#e
#TurnConfig.RaiseSize#3x
#TurnConfig.AddAllin#True
#RiverConfig.BetSize#65
#RiverConfig.RaiseSize#3x
#RiverConfig.AddAllin#True
#FlopConfigIP.BetSize#e, 66
#FlopConfigIP.RaiseSize#3x
#FlopConfigIP.AddAllin#True
#TurnConfigIP.BetSize#e
#TurnConfigIP.RaiseSize#3x
#TurnConfigIP.AddAllin#True
#RiverConfigIP.BetSize#65
#RiverConfigIP.RaiseSize#3x
#RiverConfigIP.AddAllin#True
set_range OOP 0.008421436 0.008421436 0.008421436 0.008421436 0.008421436 0.008421436 0 0 0 0 0 0 0 0 0.141189039 0 0 0 0 0.141189039 0.141189039 0 0 0 0 0.141189039 0.141189039 0.141189039 0 0 0 0 0 0 0 0 0 0 0 0 0 0 0 0 0.248686835 0 0 0 0 0 0 0 0 0.248686835 0.248686835 0 0 0 0 0 0 0 0 0.248686835 0.248686835 0.248686835 0 0 0 0 0 0 0 0 0.50071907 0 0 0 0 0 0 0 0 0 0 0 0 0.50071907 0 0 0.328133315 0 0 0 0 0 0 0 0 0 0 0.50071907 0 0.328133315 0.328133315 0 0 0 0 0 0 0 0 0 0 0 0.50071907 0.328133315 0.328133315 0.328133315 0 0 0 0 0 0 0 0 0.0125280349 0 0 0 0.713644207 0 0 0 0 0 0 0 0 0 0 0 0 0.0125280349 0 0 0 0.713644207 0 0 0.391036719 0 0 0 0 0 0 0 0 0 0 0.0125280349 0 0 0 0.713644207 0 0.391036719 0.391036719 0 0 0 0 0 0 0 0 0 0 0 0.0125280349 0 0 0 0.713644207 0.391036719 0.391036719 0.391036719 0 0 0 0 0 0 0 0 0 0 0 0 0 0 0 0 0.710009634 0 0 0 0 0 0 0 0 0 0 0 0 0 0 0 0 0 0 0 0 0.710009634 0 0 0.400753647 0 0 0 0 0 0 0 0 0 0 0 0 0 0 0 0 0 0 0.710009634 0 0.400753647 0.400753647 0 0 0 0 0 0 0 0 0 0 0 0 0 0 0 0 0 0 0 0.710009634 0.400753647 0.400753647 0.400753647 0 0 0 0 0 0 0 0 0 0 0 0 0 0 0 0 0 0 0 0 0.453221619 0 0 0 0 0 0 0 0 0 0 0 0 0 0 0 0 0 0 0 0 0 0 0 0 0.453221619 0 0 0.495586425 0 0 0 0 0 0 0 0 0 0 0 0 0 0 0 0 0 0 0 0 0 0 0.453221619 0 0.495586425 0.495586425 0 0 0 0 0 0 0 0 0 0 0 0 0 0 0 0 0 0 0 0 0 0 0 0.453221619 0.495586425 0.495586425 0.495586425 0 0 0 0 0 0 0 0 0 0 0 0 0 0 0 0 0 0 0 0 0 0 0 0 0 0 0 0 0 0 0 0 0 0 0 0 0 0 0 0 0 0 0 0 0 0 0 0 0 0 0 0 0 0 0 0 0.826934814 0 0 0 0 0 0 0 0 0 0 0 0 0 0 0 0 0 0 0 0 0 0 0 0 0 0 0 0 0.826934814 0.826934814 0 0 0 0 0 0 0 0 0 0 0 0 0 0 0 0 0 0 0 0 0 0 0 0 0 0 0 0 0.826934814 0.826934814 0.826934814 0 0 0 0 0 0 0 0 0 0 0 0 0 0 0 0 0 0 0 0 0 0 0 0 0 0 0 0 0.0253356751 0 0 0 0 0 0 0 0 0 0 0 0 0 0 0 0 0 0 0 0 0 0 0 0 0 0 0 0 0 0 0 0 0.0253356751 0 0 0.635986447 0 0 0 0 0 0 0 0 0 0 0 0 0 0 0 0 0 0 0 0 0 0 0 0 0 0 0 0 0 0 0.0253356751 0 0.635986447 0.635986447 0 0 0 0 0 0 0 0 0 0 0 0 0 0 0 0 0 0 0 0 0 0 0 0 0 0 0 0 0 0 0 0.0253356751 0.635986447 0.635986447 0.635986447 0 0 0 0 0 0 0 0 0 0 0 0 0 0 0 0 0 0 0 0 0 0 0 0 0 0 0 0 0.0514673106 0 0 0 0.717285275 0 0 0 0 0 0 0 0 0 0 0 0 0 0 0 0 0 0 0 0 0 0 0 0 0 0 0 0 0 0 0 0 0.0514673106 0 0 0 0.717285275 0 0 0.236694336 0 0 0 0 0 0 0 0 0 0 0 0 0 0 0 0 0 0 0 0 0 0 0 0 0 0 0 0 0 0 0.0514673106 0 0 0 0.717285275 0 0.236694336 0.236694336 0 0 0 0 0 0 0 0 0 0 0 0 0 0 0 0 0 0 0 0 0 0 0 0 0 0 0 0 0 0 0 0.0514673106 0 0 0 0.717285275 0.236694336 0.236694336 0.236694336 0 0 0 0 0 0 0 0 0 0 0 0 0 0 0 0 0 0 0 0 0 0 0 0 0 0 0 0 0 0 0 0 0.727783322 0 0 0 1 0 0 0 0 0 0 0 0 0 0 0 0 0 0 0 0 0 0 0 0 0 0 0 0 0 0 0 0 0 0 0 0 0 0 0 0 0.727783322 0 0 0 1 0 0 0.0528564453 0 0 0 0 0 0 0 0 0 0 0 0 0 0 0 0 0 0 0 0 0 0 0 0 0 0 0 0 0 0 0 0 0 0 0.727783322 0 0 0 1 0 0.0528564453 0.0528564453 0 0 0 0 0 0 0 0 0 0 0 0 0 0 0 0 0 0 0 0 0 0 0 0 0 0 0 0 0 0 0 0 0 0 0 0.727783322 0 0 0 1 0.0528564453 0.0528564453 0.0528564453 0 0 0 0 0 0 0 0 0 0 0 0 0 0 0 0 0.217846066 0 0 0 0.167815715 0 0 0 0.0089323595 0 0 0 0.435546875 0 0 0 1 0 0 0 1 0 0 0 1 0.286251545 0.286251545 0.286251545 0 0 0 0 0 0 0 0 0 0 0 0 0 0 0 0 0 0.217846066 0 0 0 0.167815715 0 0 0 0.0089323595 0 0 0 0.435546875 0 0 0 1 0 0 0 1 0 0 0.286251545 1 0.286251545 0.286251545 0 0 0 0 0 0 0 0 0 0 0 0 0 0 0 0 0 0 0 0.217846066 0 0 0 0.167815715 0 0 0 0.0089323595 0 0 0 0.435546875 0 0 0 1 0 0 0 1 0 0.286251545 0.286251545 1 0.286251545 0 0 0 0 0 0 0 0 0 0 0 0 0 0 0 0 0 0 0 0 0 0.217846066 0 0 0 0.167815715 0 0 0 0.0089323595 0 0 0 0.435546875 0 0 0 1 0 0 0 1 0.286251545 0.286251545 0.286251545 1 0 0 0 0.0653411448 0 0 0 0.0624528378 0 0 0 0.109033599 0 0 0 0.0677626207 0 0 0 0.0016922643 0 0 0 0.0311181843 0 0 0 0.381416619 0 0 0 0.8989259 0 0 0 1 0 0 0 0.99999994 0.176093981 0.176093981 0.176093981 0.495605469 0.581543088 0.581543088 0.581543088 0 0 0 0 0 0.0653411448 0 0 0 0.0624528378 0 0 0 0.109033599 0 0 0 0.0677626207 0 0 0 0.0016922643 0 0 0 0.0311181843 0 0 0 0.381416619 0 0 0 0.8989259 0 0 0 1 0 0 0.176093981 0.99999994 0.176093981 0.176093981 0.581543088 0.495605469 0.581543088 0.581543088 0 0 0 0 0.723632932 0 0 0.0653411448 0 0 0 0.0624528378 0 0 0 0.109033599 0 0 0 0.0677626207 0 0 0 0.0016922643 0 0 0 0.0311181843 0 0 0 0.381416619 0 0 0 0.8989259 0 0 0 1 0 0.176093981 0.176093981 0.99999994 0.176093981 0.581543088 0.581543088 0.495605469 0.581543088 0 0 0 0 0.723632932 0.723632932 0 0 0 0.0653411448 0 0 0 0.0624528378 0 0 0 0.109033599 0 0 0 0.0677626207 0 0 0 0.0016922643 0 0 0 0.0311181843 0 0 0 0.381416619 0 0 0 0.8989259 0 0 0 1 0.176093981 0.176093981 0.176093981 0.99999994 0.581543088 0.581543088 0.581543088 0.495605469 0 0 0 0 0.723632932 0.723632932 0.723632932
set_range IP 0 0 0 0 0 0 0 0 0 0 0 0 0 0 0 0 0 0 0 0 0 0 0 0 0 0 0 0 0.0540771484 0 0 0 0 0 0 0 0 0.0540771484 0 0 0 0 0 0 0 0 0 0.0540771484 0 0 0 0 0 0 0 0 0 0 0.0540771484 0 0 0 0 0 0 0 0.0357666016 0 0 0 0 0 0 0 0 0 0 0 0 0.0357666016 0 0 0 0 0 0 0 0 0 0 0 0 0 0.0357666016 0 0 0 0 0 0 0 0 0 0 0 0 0 0 0.0357666016 0 0 0 0 0 0 0 0 0 0 0 0 0 0 0 0.151123032 0 0 0 0 0 0 0 0 0 0 0 0 0 0 0 0 0.151123032 0 0 0 0 0 0 0 0 0 0 0 0 0 0 0 0 0 0.151123032 0 0 0 0 0 0 0 0 0 0 0 0 0 0 0 0 0 0 0.151123032 0 0 0 0 0 0 0 0 0 0 0 0 0 0 0 0 0 0 0 0.110717773 0 0 0 0 0 0 0 0 0.0153961182 0.0153961182 0.0153961182 0 0 0 0 0 0 0 0 0 0.110717773 0 0 0 0 0 0 0.0153961182 0 0.0153961182 0.0153961182 0 0 0 0 0 0 0 0 0 0 0 0.110717773 0 0 0 0 0 0.0153961182 0.0153961182 0 0.0153961182 0 0 0 0 0 0 0 0 0 0 0 0 0 0.110717773 0 0 0 0 0.0153961182 0.0153961182 0.0153961182 0 0 0 0 0 0 0 0 0 0 0 0 0.0665283203 0 0 0 0.067199707 0 0 0 0 0 0 0 0 0.0431518555 0.0431518555 0.0431518555 0 0 0 0 0 0 0 0 0 0.0665283203 0 0 0 0.067199707 0 0 0 0 0 0 0.0431518555 0 0.0431518555 0.0431518555 0.0787353516 0 0 0 0 0 0 0 0 0 0 0.0665283203 0 0 0 0.067199707 0 0 0 0 0 0.0431518555 0.0431518555 0 0.0431518555 0.0787353516 0.0787353516 0 0 0 0 0 0 0 0 0 0 0 0.0665283203 0 0 0 0.067199707 0 0 0 0 0.0431518555 0.0431518555 0.0431518555 0 0.0787353516 0.0787353516 0.0787353516 0 0 0 0 0 0 0 0 0 0 0 0 0.0277099591 0 0 0 0 0 0 0 0 0 0 0 0 0.0159912109 0.0159912109 0.0159912109 0 0 0 0 0 0 0 0 0 0 0 0 0 0.0277099591 0 0 0 0 0 0 0 0 0 0 0.0159912109 0 0.0159912109 0.0159912109 0.121643066 0 0 0 0 0 0 0 0 0 0 0 0 0 0 0.0277099591 0 0 0 0 0 0 0 0 0 0.0159912109 0.0159912109 0 0.0159912109 0.121643066 0.121643066 0 0 0 0 0 0 0 0 0 0 0 0 0 0 0 0.0277099591 0 0 0 0 0 0 0 0 0.0159912109 0.0159912109 0.0159912109 0 0.121643066 0.121643066 0.121643066 0 0 0 0 0 0 0 0 0 0 0 0 0 0 0 0 0.209106445 0 0 0 0 0 0 0 0 0 0 0 0 0.117614746 0.117614746 0.117614746 0 0 0 0 0 0 0 0 0 0 0 0 0 0 0 0 0 0.209106445 0 0 0 0 0 0 0 0 0 0 0.117614746 0 0.117614746 0.117614746 0.55493176 0 0 0 0 0 0 0 0 0 0 0 0 0 0 0 0 0 0 0.209106445 0 0 0 0 0 0 0 0 0 0.117614746 0.117614746 0 0.117614746 0.55493176 0.55493176 0 0 0 0 0 0 0 0 0 0 0 0 0 0 0 0 0 0 0 0.209106445 0 0 0 0 0 0 0 0 0.117614746 0.117614746 0.117614746 0 0.55493176 0.55493176 0.55493176 0 0 0 0 0.199951172 0 0 0 0.207763672 0 0 0 0.302001953 0 0 0 0.209472656 0 0 0 0 0 0 0 0 0 0 0 0 0.0513305664 0.0513305664 0.0513305664 0 0.126098633 0.126098633 0.126098633 0 0 0 0 0 0.199951172 0 0 0 0.207763672 0 0 0 0.302001953 0 0 0 0.209472656 0 0 0 0 0 0 0 0 0 0 0.0513305664 0 0.0513305664 0.0513305664 0.126098633 0 0.126098633 0.126098633 0.935241818 0 0 0 0 0 0 0.199951172 0 0 0 0.207763672 0 0 0 0.302001953 0 0 0 0.209472656 0 0 0 0 0 0 0 0 0 0.0513305664 0.0513305664 0 0.0513305664 0.126098633 0.126098633 0 0.126098633 0.935241818 0.935241818 0 0 0 0 0 0 0 0.199951172 0 0 0 0.207763672 0 0 0 0.302001953 0 0 0 0.209472656 0 0 0 0 0 0 0 0 0.0513305664 0.0513305664 0.0513305664 0 0.126098633 0.126098633 0.126098633 0 0.935241818 0.935241818 0.935241818 0.444335938 0 0 0 0.328613281 0 0 0 0.360107422 0 0 0 0.237060547 0 0 0 0.0814819336 0 0 0 0.0259246826 0 0 0 0 0 0 0 0 0.0203399658 0.0203399658 0.0203399658 0 0.231567383 0.231567383 0.231567383 0 0.244628906 0.244628906 0.244628906 0 0.444335938 0 0 0 0.328613281 0 0 0 0.360107422 0 0 0 0.237060547 0 0 0 0.0814819336 0 0 0 0.0259246826 0 0 0 0 0 0 0.0203399658 0 0.0203399658 0.0203399658 0.231567383 0 0.231567383 0.231567383 0.244628906 0 0.244628906 0.244628906 1 0 0 0.444335938 0 0 0 0.328613281 0 0 0 0.360107422 0 0 0 0.237060547 0 0 0 0.0814819336 0 0 0 0.0259246826 0 0 0 0 0 0.0203399658 0.0203399658 0 0.0203399658 0.231567383 0.231567383 0 0.231567383 0.244628906 0.244628906 0 0.244628906 1 1 0 0 0 0.444335938 0 0 0 0.328613281 0 0 0 0.360107422 0 0 0 0.237060547 0 0 0 0.0814819336 0 0 0 0.0259246826 0 0 0 0 0.0203399658 0.0203399658 0.0203399658 0 0.231567383 0.231567383 0.231567383 0 0.244628906 0.244628906 0.244628906 0 1 1 1 0.0572814941 0 0 0 0.0517578125 0 0 0 0 0 0 0 0 0 0 0 0 0 0 0 0 0.0013275147 0.0013275147 0.0013275147 0 0 0 0 0 0.150512695 0.150512695 0.150512695 0 0.158203125 0.158203125 0.158203125 0 0.157958984 0.157958984 0.157958984 0 0.0334472656 0.0334472656 0.0334472656 0 0.0572814941 0 0 0 0.0517578125 0 0 0 0 0 0 0 0 0 0 0 0 0 0 0.0013275147 0 0.0013275147 0.0013275147 0 0 0 0 0.150512695 0 0.150512695 0.150512695 0.158203125 0 0.158203125 0.158203125 0.157958984 0 0.157958984 0.157958984 0.0334472656 0 0.0334472656 0.0334472656 1 0 0 0.0572814941 0 0 0 0.0517578125 0 0 0 0 0 0 0 0 0 0 0 0 0 0.0013275147 0.0013275147 0 0.0013275147 0 0 0 0 0.150512695 0.150512695 0 0.150512695 0.158203125 0.158203125 0 0.158203125 0.157958984 0.157958984 0 0.157958984 0.0334472656 0.0334472656 0 0.0334472656 1 1 0 0 0 0.0572814941 0 0 0 0.0517578125 0 0 0 0 0 0 0 0 0 0 0 0 0.0013275147 0.0013275147 0.0013275147 0 0 0 0 0 0.150512695 0.150512695 0.150512695 0 0.158203125 0.158203125 0.158203125 0 0.157958984 0.157958984 0.157958984 0 0.0334472656 0.0334472656 0.0334472656 0 1 1 1 0 0 0 0 0 0 0 0 0 0.117126465 0.117126465 0.117126465 0 0.234008789 0.234008789 0.234008789 0 0.0149307251 0.0149307251 0.0149307251 0 0.113098145 0.113098145 0.113098145 0 0.218017578 0.218017578 0.218017578 0 0.241577148 0.241577148 0.241577148 0 0.287597656 0.287597656 0.287597656 0 0.15625 0.15625 0.15625 0.270751953 0 0 0 1 1 1 1 0 0 0 0 0 0 0 0 0.117126465 0 0.117126465 0.117126465 0.234008789 0 0.234008789 0.234008789 0.0149307251 0 0.0149307251 0.0149307251 0.113098145 0 0.113098145 0.113098145 0.218017578 0 0.218017578 0.218017578 0.241577148 0 0.241577148 0.241577148 0.287597656 0 0.287597656 0.287597656 0.15625 0 0.15625 0.15625 0 0.270751953 0 0 1 1 1 1 1 0 0 0 0 0 0 0 0 0.117126465 0.117126465 0 0.117126465 0.234008789 0.234008789 0 0.234008789 0.0149307251 0.0149307251 0 0.0149307251 0.113098145 0.113098145 0 0.113098145 0.218017578 0.218017578 0 0.218017578 0.241577148 0.241577148 0 0.241577148 0.287597656 0.287597656 0 0.287597656 0.15625 0.15625 0 0.15625 0 0 0.270751953 0 1 1 1 1 1 1 0 0 0 0 0 0 0 0 0.117126465 0.117126465 0.117126465 0 0.234008789 0.234008789 0.234008789 0 0.0149307251 0.0149307251 0.0149307251 0 0.113098145 0.113098145 0.113098145 0 0.218017578 0.218017578 0.218017578 0 0.241577148 0.241577148 0.241577148 0 0.287597656 0.287597656 0.287597656 0 0.15625 0.15625 0.15625 0 0 0 0 0.270751953 1 1 1 1 1 1 1
set_board QsJh2h
set_eff_stack 1000
set_isomorphism 1 0
set_pot 0 0 500
clear_lines 
add_line 0 0 0 0 0 1000
add_line 0 0 0 0 0 325 1000
add_line 0 0 0 0 1000
add_line 0 0 0 0 325 1000
add_line 0 0 0 1000
add_line 0 0 0 309 1000
add_line 0 0 0 309 309 309 1000
add_line 0 0 1000
add_line 0 0 309 1000
add_line 0 0 309 309 1000
add_line 0 0 309 309 309 1000
add_line 0 1000
add_line 0 177 1000
add_line 0 177 177 177 1000
add_line 0 177 177 177 177 1000
add_line 0 177 177 177 177 177 1000
add_line 0 177 177 177 481 1000
add_line 0 177 177 177 481 481 481 1000
add_line 0 177 531 1000
add_line 0 177 531 531 1000
add_line 0 177 531 531 531 1000
add_line 0 177 531 531 531 531 1000
add_line 0 177 531 531 531 531 531 1000
add_line 0 330 1000
add_line 0 330 330 330 1000
add_line 0 330 330 330 330 1000
add_line 0 330 330 330 330 330 1000
add_line 0 330 330 330 601 1000
add_line 0 330 330 330 601 601 601 1000
build_tree 
