# Cash 6-max 100bb BTN open, BB 3-bet, BTN 4-bet, BB call (4BP) -- ranges from Ryan's preflop pack.
#
# Generated by scripts/build_ryan_ranges_template.py from:
#   OOP (BB call vs BTN 4-bet): ranges/ryan_preflop_tree/.../BB/UTG_Fold_HJ_Fold_CO_Fold_BTN_60%_SB_Fold_BB_182%_BTN_50%_BB_Call.txt
#   IP  (BTN 4-bet vs BB 3-bet): ranges/ryan_preflop_tree/.../BTN/UTG_Fold_HJ_Fold_CO_Fold_BTN_60%_SB_Fold_BB_182%_BTN_50%.txt
#
# Sizings (add_line entries, #FlopConfig.BetSize, etc.) and the build_tree
# command are cloned verbatim from 4bpot-full.txt.
#Type#NoLimit
#Range0#AA:0.723632932,QQ:0.0528564453,JJ:0.236694336,TT:0.635986447,99:0.826934814,88:0.495586425,77:0.400753647,66:0.391036719,55:0.328133315,44:0.248686835,33:0.141189039,22:0.008421436,AQs:0.495605469,AQo:0.581543088,AJs:0.99999994,AJo:0.176093981,ATs,A9s:0.8989259,A8s:0.381416619,A7s:0.0311181843,A6s:0.0016922643,A5s:0.0677626207,A4s:0.109033599,A3s:0.0624528378,A2s:0.0653411448,KQs,KQo:0.286251545,KJs,KTs,K9s:0.435546875,K8s:0.0089323595,K7s:0.167815715,K6s:0.217846066,QJs,QTs:0.727783322,JTs:0.717285275,J9s:0.0514673106,T9s:0.0253356751,87s:0.453221619,76s:0.710009634,65s:0.713644207,64s:0.0125280349,54s:0.50071907
#Range1#AA,KK,QQ,JJ:0.935241818,TT:0.55493176,99:0.121643066,88:0.0787353516,AK,AQs:0.270751953,AJo:0.15625,ATo:0.287597656,A9o:0.241577148,A8o:0.218017578,A7o:0.113098145,A6o:0.0149307251,A5o:0.234008789,A4o:0.117126465,KQo:0.0334472656,KJo:0.157958984,KTo:0.158203125,K9o:0.150512695,K7o:0.0013275147,K3s:0.0517578125,K2s:0.0572814941,QJo:0.244628906,QTo:0.231567383,Q9o:0.0203399658,Q7s:0.0259246826,Q6s:0.0814819336,Q5s:0.237060547,Q4s:0.360107422,Q3s:0.328613281,Q2s:0.444335938,JTo:0.126098633,J9o:0.0513305664,J6s:0.209472656,J5s:0.302001953,J4s:0.207763672,J3s:0.199951172,T9o:0.117614746,T6s:0.209106445,98o:0.0159912109,95s:0.0277099591,87o:0.0431518555,85s:0.067199707,84s:0.0665283203,76o:0.0153961182,74s:0.110717773,63s:0.151123032,52s:0.0357666016,42s:0.0540771484
#Board#Qs Jh 2h
#Pot#500
#EffectiveStacks#1000
#AllinThreshold#67
#AddAllinOnlyIfLessThanThisTimesThePot#250
#FlopConfig.RaiseSize#3x
#FlopConfig.AddAllin#True
#TurnConfig.BetSize#e
#TurnConfig.RaiseSize#3x
#TurnConfig.AddAllin#True
#RiverConfig.BetSize#65
#RiverConfig.RaiseSize#3x
#RiverConfig.AddAllin#True
#FlopConfigIP.BetSize#e, 66
#FlopConfigIP.RaiseSize#3x
#FlopConfigIP.AddAllin#True
#TurnConfigIP.BetSize#e
#TurnConfigIP.RaiseSize#3x
#TurnConfigIP.AddAllin#True
#RiverConfigIP.BetSize#65
#RiverConfigIP.RaiseSize#3x
#RiverConfigIP.AddAllin#True
set_range OOP 0 0 0 0 0 0 0 0 0 0 0 0 0 0 0 0 0 0 0 0 0 0 0 0 0 0 0 0 0 0 0 0 0 0 0 0 0 0 0 0 0 0 0 0 0 0 0 0 0 0 0 0 0 0 0 0 0 0 0 0 0 0 0 0 0 0 0 0 0 0 0 0 0 0 0.754 0 0 0 0 0 0 0 0 0 0 0 0 0.754 0 0 0 0 0 0 0 0 0 0 0 0 0 0.754 0 0 0 0 0 0 0 0 0 0 0 0 0 0 0.754 0 0 0 0 0 0 0 0 0 0 0 0 0 0 0 0.441 0 0 0 0 0 0 0 0 0 0 0 0 0 0 0 0 0.441 0 0 0 0 0 0 0 0 0 0 0 0 0 0 0 0 0 0.441 0 0 0 0 0 0 0 0 0 0 0 0 0 0 0 0 0 0 0.441 0 0 0 0 0 0 0 0 0 0 0 0 0 0 0 0 0 0 0 1 0 0 0 0 0 0 0 0 0 0 0 0 0 0 0 0 0 0 0 0 1 0 0 0 0 0 0 0 0 0 0 0 0 0 0 0 0 0 0 0 0 0 1 0 0 0 0 0 0 0 0 0 0 0 0 0 0 0 0 0 0 0 0 0 0 1 0 0 0 0 0 0 0 0 0 0 0 0 0 0 0 0 0 0 0 0 0 0 0 0.656 0 0 0 0 0 0 0 0 0 0 0 0 0 0 0 0 0 0 0 0 0 0 0 0 0.656 0 0 0.222 0 0 0 0 0 0 0 0 0 0 0 0 0 0 0 0 0 0 0 0 0 0 0.656 0 0.222 0.222 0 0 0 0 0 0 0 0 0 0 0 0 0 0 0 0 0 0 0 0 0 0 0 0.656 0.222 0.222 0.222 0 0 0 0 0 0 0 0 0 0 0 0 0 0 0 0 0 0 0 0 0 0 0 0 0.847 0 0 0 0 0 0 0 0 0 0 0 0 0 0 0 0 0 0 0 0 0 0 0 0 0 0 0 0 0.847 0 0 0.764 0 0 0 0 0 0 0 0 0 0 0 0 0 0 0 0 0 0 0 0 0 0 0 0 0 0 0.847 0 0.764 0.764 0 0 0 0 0 0 0 0 0 0 0 0 0 0 0 0 0 0 0 0 0 0 0 0 0 0 0 0.847 0.764 0.764 0.764 0 0 0 0 0 0 0 0 0 0 0 0 0 0 0 0 0 0 0 0 0 0 0 0 1 0 0 0 1 0 0 0 0 0 0 0 0 0 0 0 0 0 0 0 0 0 0 0 0 0 0 0 0 0 0 0 0 1 0 0 0 1 0 0 0.629 0 0 0 0 0 0 0 0 0 0 0 0 0 0 0 0 0 0 0 0 0 0 0 0 0 0 1 0 0 0 1 0 0.629 0.629 0 0 0 0 0 0 0 0 0 0 0 0 0 0 0 0 0 0 0 0 0 0 0 0 0 0 0 1 0 0 0 1 0.629 0.629 0.629 0 0 0 0 0 0 0 0 0 0 0 0 0 0 0 0 0 0 0 0 0 0 0 0 0 0 0 0 0.125 0 0 0 0.689 0 0 0 0 0 0 0 0 0 0 0 0 0 0 0 0 0 0 0 0 0 0 0 0 0 0 0 0 0 0 0 0 0.125 0 0 0 0.689 0 0 0.699 0 0 0 0 0 0 0 0 0 0 0 0 0 0 0 0 0 0 0 0 0 0 0 0 0 0 0 0 0 0 0.125 0 0 0 0.689 0 0.699 0.699 0 0 0 0 0 0 0 0 0 0 0 0 0 0 0 0 0 0 0 0 0 0 0 0 0 0 0 0 0 0 0 0.125 0 0 0 0.689 0.699 0.699 0.699 0 0 0 0 0 0 0 0 0 0 0 0 0 0 0 0 0 0 0 0 0 0 0 0 0 0 0 0 0 0 0 0 0.097 0 0 0 0 0 0 0 0 0 0 0 0 0 0 0 0 0 0 0 0 0 0 0 0 0 0 0 0 0 0 0 0 0 0 0 0 0 0 0 0 0.097 0 0 0 0 0 0 0.147 0 0 0 0 0 0 0 0 0 0 0 0 0 0 0 0 0 0 0 0 0 0 0 0 0 0 0 0 0 0 0 0 0 0 0.097 0 0 0 0 0 0.147 0.147 0 0 0 0 0 0 0 0 0 0 0 0 0 0 0 0 0 0 0 0 0 0 0 0 0 0 0 0 0 0 0 0 0 0 0 0.097 0 0 0 0 0.147 0.147 0.147 0 0 0 0 0 0 0 0 0 0 0 0 0 0 0 0 0.196 0 0 0 0 0 0 0 0 0 0 0 0.068 0 0 0 1 0 0 0 1 0 0 0 1 0 0 0 0 0 0 0 0 0 0 0 0 0 0 0 0 0 0 0 0 0.196 0 0 0 0 0 0 0 0 0 0 0 0.068 0 0 0 1 0 0 0 1 0 0 0 1 0 0 0 0 0 0 0 0 0 0 0 0 0 0 0 0 0 0 0 0 0 0.196 0 0 0 0 0 0 0 0 0 0 0 0.068 0 0 0 1 0 0 0 1 0 0 0 1 0 0 0 0 0 0 0 0 0 0 0 0 0 0 0 0 0 0 0 0 0 0 0.196 0 0 0 0 0 0 0 0 0 0 0 0.068 0 0 0 1 0 0 0 1 0 0 0 1 0 0 0 0 0 0 0 0 0 0 0 0.179 0 0 0 0.384 0 0 0 0 0 0 0 0 0 0 0 0 0 0 0 0 0 0 0 0 0 0 0 1 0.306 0.306 0.306 1 1 1 1 0 0 0 0 0 0 0 0 0 0 0 0 0 0.179 0 0 0 0.384 0 0 0 0 0 0 0 0 0 0 0 0 0 0 0 0 0 0 0 0 0 0 0.306 1 0.306 0.306 1 1 1 1 0 0 0 0 0.833 0 0 0 0 0 0 0 0 0 0 0.179 0 0 0 0.384 0 0 0 0 0 0 0 0 0 0 0 0 0 0 0 0 0 0 0 0 0 0.306 0.306 1 0.306 1 1 1 1 0 0 0 0 0.833 0.833 0 0 0 0 0 0 0 0 0 0 0 0.179 0 0 0 0.384 0 0 0 0 0 0 0 0 0 0 0 0 0 0 0 0 0 0 0 0 0.306 0.306 0.306 1 1 1 1 1 0 0 0 0 0.833 0.833 0.833
set_range IP 0 0 0 0 0 0 0 0 0 0 0 0 0 0 0 0 0 0 0 0 0 0 0 0 0 0 0 0 0 0 0 0 0 0 0 0 0 0 0 0 0 0 0 0 0 0 0 0 0 0 0 0 0 0 0 0 0 0 0 0 0 0 0 0 0 0 0 0 0 0 0 0 0 0 0 0 0 0 0 0 0 0 0 0 0 0 0 0 0 0 0.061 0 0 0 0 0 0 0 0 0 0 0 0 0.061 0.061 0 0 0 0 0 0 0 0 0 0 0 0 0.061 0.061 0.061 0 0 0 0 0 0 0 0 0 0 0 0 0 0 0 0 0 0 0 0 0 0 0 0 0 0 0 0 0 0 0 0 0 0 0 0 0 0 0 0 0 0 0 0 0 0 0 0 0 0 0 0 0 0 0 0 0 0 0 0 0 0 0 0 0 0 0 0 0 0 0 0 0 0 0 0 0 0 0 0 0 0 0 0 0 0 0 0 0 0 0 0 0 0 0 0 0 0 0 0 0 0 0 0 0 0 0 0 0 0 0.127 0 0 0 0 0 0 0 0 0 0 0 0 0 0 0 0 0 0 0 0 0.127 0.127 0 0 0 0 0 0 0 0 0 0 0 0 0 0 0 0 0 0 0 0 0.127 0.127 0.127 0 0 0 0 0 0 0 0 0 0 0 0 0 0 0 0 0 0 0 0 0 0 0 0 0 0 0 0 0 0 0 0 0 0 0 0 0 0 0 0 0 0 0 0 0 0 0 0 0.064 0 0 0 0 0 0 0 0 0 0 0 0 0 0 0 0 0 0 0 0 0 0 0 0 0.064 0.064 0 0 0 0 0 0 0 0 0 0 0 0 0 0 0 0 0 0 0 0 0 0 0 0 0.064 0.064 0.064 0 0 0 0 0 0 0 0 0 0 0 0 0 0 0 0 0 0 0 0 0 0 0 0 0 0 0 0 0 0 0 0 0 0 0 0 0 0 0 0 0 0 0 0 0 0 0 0 0 0 0 0 0 0 0 0 0 0 0 0 0 0 0 0 0 0 0 0 0 0 0 0 0 0 0 0 0 0 0 0 0 0 0 0 0 0 0 0 0 0 0 0 0 0 0 0 0 0 0 0 0 0 0 0 0 0 0 0 0 0 0 0 0 0 0 0 0 0 0 0 0 0 0 0 0 0 0 0 0 0 0 0 0 0 0 0 0 0 0 0 0 0 0.003 0 0 0 0.076 0 0 0 0 0 0 0 0 0 0 0 0 0 0 0 0 0 0 0 0 0 0 0 0 0 0 0 0 0.003 0 0 0 0.076 0 0 0.209 0 0 0 0 0 0 0 0 0 0 0 0 0 0 0 0 0 0 0 0 0 0 0 0 0 0 0.003 0 0 0 0.076 0 0.209 0.209 0 0 0 0 0 0 0 0 0 0 0 0 0 0 0 0 0 0 0 0 0 0 0 0 0 0 0 0.003 0 0 0 0.076 0.209 0.209 0.209 0 0 0 0 0 0 0 0 0 0 0 0 0 0 0 0 0 0 0 0 0 0 0 0 0 0 0 0 0 0 0 0 0 0 0 0 0 0 0 0 0 0 0 0 0 0 0 0 0 0 0 0 0 0 0 0 0 0 0 0 0 0 0 0 0 0 0 0 0 0 0 0 0 0 0 0 0 0 0 0 0 0 0 0 0 0 0 0 0 0 0 0 0 0 0 0 0 0 0 0 0 0 0 0 0 0 0 0 0 0 0 0 0 0 0 0 0 0 0 0 0 0 0 0 0 0 0 0 0 0 0 0 0 0 0 0 0 0 0 0 0 0 0 0 0 0 0 0 0 0 0 0 0 0 0 0 0 0 0 0 0 0 0 0 0 0 0 0 0 0 0 0 0 0 0 0 0 0 0.059 0 0 0 0 0 0 0 0 0 0 0 0 0 0 0 0 0 0 0 0 0 0 0 0 0 0 0 0 0 0 0 0 0 0 0 0 0 0 0 0 0.059 0 0 0 0 0 0 0 0 0 0 0.702 0 0 0 0 0 0 0 0 0 0 0 0 0 0 0 0 0 0 0 0 0 0 0 0 0 0 0 0 0 0 0.059 0 0 0 0 0 0 0 0 0 0.702 0.702 0 0 0 0 0 0 0 0 0 0 0 0 0 0 0 0 0 0 0 0 0 0 0 0 0 0 0 0 0 0 0 0.059 0 0 0 0 0 0 0 0 0.702 0.702 0.702 0 0 0 0 0 0 0 0 0 0 0 0 0 0 0 0 0 0 0 0 0 0 0 0 0 0 0 0 0.044 0 0 0 0 0.084 0.084 0.084 0 0.126 0.126 0.126 0 0.192 0.192 0.192 0 0 0 0 0 0 0 0 0 0 0 0 0 0 0 0 0 0 0 0 0 0 0 0 0 0 0 0 0 0.044 0 0 0.084 0 0.084 0.084 0.126 0 0.126 0.126 0.192 0 0.192 0.192 1 0 0 0 0 0 0 0 0 0 0 0 0 0 0 0 0 0 0 0 0 0 0 0 0 0 0 0 0 0 0 0.044 0 0.084 0.084 0 0.084 0.126 0.126 0 0.126 0.192 0.192 0 0.192 1 1 0 0 0 0 0 0 0 0 0 0 0 0 0 0 0 0 0 0 0 0 0 0 0 0 0 0 0 0 0 0 0 0.044 0.084 0.084 0.084 0 0.126 0.126 0.126 0 0.192 0.192 0.192 0 1 1 1 0 0 0 0 0.549 0 0 0 0.035 0 0 0 0 0 0 0 0.152 0 0 0 0.245 0 0 0 0.356 0 0 0 0 0 0 0 0 0.081 0.081 0.081 0 0.285 0.285 0.285 0 0.273 0.273 0.273 1 0.326 0.326 0.326 0 0 0 0 0 0.549 0 0 0 0.035 0 0 0 0 0 0 0 0.152 0 0 0 0.245 0 0 0 0.356 0 0 0 0 0 0 0.081 0 0.081 0.081 0.285 0 0.285 0.285 0.273 0 0.273 0.273 0.326 1 0.326 0.326 0.711 0 0 0 0 0 0 0.549 0 0 0 0.035 0 0 0 0 0 0 0 0.152 0 0 0 0.245 0 0 0 0.356 0 0 0 0 0 0.081 0.081 0 0.081 0.285 0.285 0 0.285 0.273 0.273 0 0.273 0.326 0.326 1 0.326 0.711 0.711 0 0 0 0 0 0 0 0.549 0 0 0 0.035 0 0 0 0 0 0 0 0.152 0 0 0 0.245 0 0 0 0.356 0 0 0 0 0.081 0.081 0.081 0 0.285 0.285 0.285 0 0.273 0.273 0.273 0 0.326 0.326 0.326 1 0.711 0.711 0.711
set_board QsJh2h
set_eff_stack 1000
set_isomorphism 1 0
set_pot 0 0 500
clear_lines 
add_line 0 0 0 0 0 1000
add_line 0 0 0 0 0 325 1000
add_line 0 0 0 0 1000
add_line 0 0 0 0 325 1000
add_line 0 0 0 1000
add_line 0 0 0 309 1000
add_line 0 0 0 309 309 309 1000
add_line 0 0 1000
add_line 0 0 309 1000
add_line 0 0 309 309 1000
add_line 0 0 309 309 309 1000
add_line 0 1000
add_line 0 177 1000
add_line 0 177 177 177 1000
add_line 0 177 177 177 177 1000
add_line 0 177 177 177 177 177 1000
add_line 0 177 177 177 481 1000
add_line 0 177 177 177 481 481 481 1000
add_line 0 177 531 1000
add_line 0 177 531 531 1000
add_line 0 177 531 531 531 1000
add_line 0 177 531 531 531 531 1000
add_line 0 177 531 531 531 531 531 1000
add_line 0 330 1000
add_line 0 330 330 330 1000
add_line 0 330 330 330 330 1000
add_line 0 330 330 330 330 330 1000
add_line 0 330 330 330 601 1000
add_line 0 330 330 330 601 601 601 1000
build_tree 
