# Cash 6-max 100bb UTG open, BB 3-bet, UTG call (3BP) -- ranges from Ryan's preflop pack.
#
# Generated by scripts/build_ryan_ranges_template.py from:
#   OOP (BB 3-bet vs UTG): ranges/ryan_preflop_tree/.../BB/UTG_60%_HJ_Fold_CO_Fold_BTN_Fold_SB_Fold_BB_155%.txt
#   IP  (UTG call vs BB 3-bet): ranges/ryan_preflop_tree/.../UTG/UTG_60%_HJ_Fold_CO_Fold_BTN_Fold_SB_Fold_BB_155%_UTG_Call.txt
#
# Sizings (add_line entries, #FlopConfig.BetSize, etc.) and the build_tree
# command are cloned verbatim from 3bpot-full.txt.
#Type#NoLimit
#Range0#AA,KK,QQ,JJ,TT,99,88,77:0.02,66:0.02,55:0.02,44:0.02,33:0.02,22:0.02,AK,AQ,AJ,ATs,ATo:0.75,A9s,A9o:0.01,A8s,A8o:0.01,A7:0.01,A6:0.01,A5s:0.5,A5o:0.01,A4s:0.5,A4o:0.01,A3s:0.5,A3o:0.01,A2s:0.5,A2o:0.01,KQ,KJs,KJo:0.75,KTs,KTo:0.25,K9s,K9o:0.01,K8:0.01,K7s:0.01,K6s:0.01,K5s:0.01,K4s:0.01,K3s:0.01,K2s:0.01,QJs,QJo:0.5,QTs,QTo:0.25,Q9s,Q9o:0.01,Q8s:0.25,Q8o:0.01,Q7s:0.01,Q6s:0.01,Q5s:0.01,Q4s:0.01,Q3s:0.01,Q2s:0.01,JTs,JTo:0.25,J9s,J9o:0.01,J8s,J8o:0.01,J7s:0.01,J6s:0.01,J5s:0.01,J4s:0.01,J3s:0.01,J2s:0.01,T9s,T9o:0.01,T8s,T8o:0.01,T7s:0.25,T6s:0.01,T5s:0.01,T4s:0.01,T3s:0.01,T2s:0.01,98s,98o:0.01,97s,97o:0.01,96s:0.25,95s:0.01,94s:0.01,93s:0.01,92s:0.01,87s,87o:0.25,86s:0.75,86o:0.25,85s:0.25,84s:0.01,83s:0.01,82s:0.01,76s:0.75,76o:0.25,75s:0.75,75o:0.25,74s:0.25,73s:0.01,72s:0.01,65s:0.75,65o:0.25,64s:0.5,64o:0.01,63s:0.25,62s:0.01,54s:0.75,54o:0.25,53s:0.5,52s:0.25,43s:0.5,43o:0.01,42s:0.25,32s:0.25
#Range1#AA:0.25,KK:0.25,QQ:0.01,JJ:0.01,TT:0.03,99,88,77,66,55,44,33,22,AKs:0.01,AKo:0.03,AQs:0.03,AQo,AJ,AT,A9,A8,A7s,A7o:0.01,A6s,A6o:0.01,A5s,A5o:0.25,A4s,A4o:0.25,A3s,A3o:0.25,A2s,A2o:0.25,KQ,KJ,KT,K9,K8s,K8o:0.01,K7s,K7o:0.01,K6s,K5s,K4s,K3s,K2s,QJ,QT,Q9,Q8s,Q8o:0.01,Q7s,Q6s,Q5s,Q4s,Q3s,Q2s,JT,J9,J8s,J8o:0.01,J7s,J6s,J5s:0.25,J4s:0.01,J3s:0.01,J2s:0.01,T9,T8s,T8o:0.01,T7s,T6s,T5s:0.01,T4s:0.01,98,97s,96s,95s:0.25,94s:0.01,87s,87o:0.25,86s,85s:0.25,84s:0.01,83s:0.01,76s,76o:0.01,75s,74s:0.25,73s:0.01,65s,65o:0.01,64s,63s:0.25,54s,54o:0.01,53s:0.25,52s:0.01,43s,42s:0.01
#Board#Qs Jh 2h
#Pot#180
#EffectiveStacks#910
#AllinThreshold#67
#AddAllinOnlyIfLessThanThisTimesThePot#300
#FlopConfig.BetSize#52
#FlopConfig.RaiseSize#45
#FlopConfig.DonkBetSize#52
#TurnConfig.BetSize#55
#TurnConfig.RaiseSize#45
#TurnConfig.DonkBetSize#55
#RiverConfig.BetSize#70
#RiverConfig.RaiseSize#45
#RiverConfig.DonkBetSize#70
#FlopConfigIP.BetSize#52
#FlopConfigIP.RaiseSize#45
#TurnConfigIP.BetSize#55
#TurnConfigIP.RaiseSize#45
#RiverConfigIP.BetSize#70
#RiverConfigIP.RaiseSize#45
set_range OOP 0 0 0 0 0 0 0 0 0 0 0 0 0 0 0 0 0 0 0 0 0 0 0 0 0 0 0 0 0 0 0 0 0 0 0 0 0 0 0 0 0 0 0 0 0 0 0 0 0 0 0 0 0 0 0 0 0 0 0 0 0 0 0 0 0 0 0 0 0 0 0 0 0 0 0.25 0 0 0 0 0 0 0 0 0 0 0 0 0.25 0 0 0 0 0 0 0 0 0 0 0 0 0 0.25 0 0 0 0 0 0 0 0 0 0 0 0 0 0 0.25 0 0 0 0 0 0 0 0 0 0 0 0 0 0 0 0.286 0 0 0 0 0 0 0 0 0 0 0 0 0 0 0 0 0.286 0 0 0 0 0 0 0 0 0 0 0 0 0 0 0 0 0 0.286 0 0 0 0 0 0 0 0 0 0 0 0 0 0 0 0 0 0 0.286 0 0 0 0 0 0 0 0 0 0 0 0 0 0 0 0 0 0 0 0.358 0 0 0 0 0 0 0 0 0 0 0 0 0 0 0 0 0 0 0 0 0.358 0 0 0.04 0 0 0 0 0 0 0 0 0 0 0 0 0 0 0 0 0 0 0.358 0 0.04 0.04 0 0 0 0 0 0 0 0 0 0 0 0 0 0 0 0 0 0 0 0.358 0.04 0.04 0.04 0 0 0 0 0 0 0 0 0 0 0 0 0 0 0 0 0 0 0 0 0.463 0 0 0 0 0 0 0 0 0 0 0 0 0 0 0 0 0 0 0 0 0 0 0 0 0.463 0 0 0.077 0 0 0 0 0 0 0 0 0 0 0 0 0 0 0 0 0 0 0 0 0 0 0.463 0 0.077 0.077 0 0 0 0 0 0 0 0 0 0 0 0 0 0 0 0 0 0 0 0 0 0 0 0.463 0.077 0.077 0.077 0 0 0 0 0 0 0 0 0 0 0 0 0 0 0 0 0 0 0 0 0.034 0 0 0 0.074 0 0 0 0 0 0 0 0 0 0 0 0 0 0 0 0 0 0 0 0 0 0 0 0 0.034 0 0 0 0.074 0 0 0.097 0 0 0 0 0 0 0 0 0 0 0 0 0 0 0 0 0 0 0 0 0 0 0.034 0 0 0 0.074 0 0.097 0.097 0 0 0 0 0 0 0 0 0 0 0 0 0 0 0 0 0 0 0 0 0 0 0 0.034 0 0 0 0.074 0.097 0.097 0.097 0 0 0 0 0 0 0 0 0 0 0 0 0 0 0 0 0 0 0 0 0.031 0 0 0 0.276 0 0 0 0.515 0 0 0 0 0 0 0 0 0 0 0 0 0 0 0 0 0 0 0 0 0 0 0 0 0.031 0 0 0 0.276 0 0 0 0.515 0 0 0.273 0 0 0 0 0 0 0 0 0 0 0 0 0 0 0 0 0 0 0 0 0 0 0.031 0 0 0 0.276 0 0 0 0.515 0 0.273 0.273 0 0 0 0 0 0 0 0 0 0 0 0 0 0 0 0 0 0 0 0 0 0 0 0.031 0 0 0 0.276 0 0 0 0.515 0.273 0.273 0.273 0 0 0 0 0 0 0 0 0 0 0 0 0 0 0 0 0 0 0 0 0 0 0 0 0 0 0 0 0 0 0 0 0.525 0 0 0 0 0 0 0 0 0 0 0 0 0 0 0 0 0 0 0 0 0 0 0 0 0 0 0 0 0 0 0 0 0 0 0 0 0.525 0 0 0.611 0 0 0 0 0 0 0 0 0 0 0 0 0 0 0 0 0 0 0 0 0 0 0 0 0 0 0 0 0 0 0 0 0 0 0.525 0 0.611 0.611 0 0 0 0 0 0 0 0 0 0 0 0 0 0 0 0 0 0 0 0 0 0 0 0 0 0 0 0 0 0 0 0 0 0 0 0.525 0.611 0.611 0.611 0 0 0 0 0 0 0 0 0 0 0 0 0 0 0 0 0 0 0 0 0 0 0 0 0 0 0 0 0.08 0 0 0 0.371 0 0 0 0.717 0 0 0 0 0 0 0 0 0 0 0 0 0 0 0 0 0 0 0 0 0 0 0 0 0 0 0 0 0 0 0 0 0.08 0 0 0 0.371 0 0 0 0.717 0 0 1 0 0 0 0 0 0 0 0 0 0 0 0 0 0 0 0 0 0 0 0 0 0 0 0 0 0 0 0 0 0 0.08 0 0 0 0.371 0 0 0 0.717 0 1 1 0 0 0 0 0 0 0 0 0 0 0 0 0 0 0 0 0 0 0 0 0 0 0 0 0 0 0 0 0 0 0 0.08 0 0 0 0.371 0 0 0 0.717 1 1 1 0 0 0 0 0 0 0 0 0 0 0 0 0 0 0 0 0 0 0 0 0 0 0 0 0 0 0 0 0.001 0 0 0 0.43 0 0 0 0.791 0.025 0.025 0.025 0.897 0.268 0.268 0.268 0 0 0 0 0 0 0 0 0 0 0 0 0 0 0 0 0 0 0 0 0 0 0 0 0 0 0 0 0 0.001 0 0 0 0.43 0 0 0.025 0.791 0.025 0.025 0.268 0.897 0.268 0.268 1 0 0 0 0 0 0 0 0 0 0 0 0 0 0 0 0 0 0 0 0 0 0 0 0 0 0 0 0 0 0 0.001 0 0 0 0.43 0 0.025 0.025 0.791 0.025 0.268 0.268 0.897 0.268 1 1 0 0 0 0 0 0 0 0 0 0 0 0 0 0 0 0 0 0 0 0 0 0 0 0 0 0 0 0 0 0 0 0.001 0 0 0 0.43 0.025 0.025 0.025 0.791 0.268 0.268 0.268 0.897 1 1 1 0.057 0 0 0 0.32 0 0 0 0.538 0 0 0 0.471 0 0 0 0.351 0 0 0 0.239 0 0 0 0 0 0 0 0 0 0 0 0.617 0.045 0.045 0.045 0.522 0.017 0.017 0.017 1 0 0 0 1 1 1 1 0 0.057 0 0 0 0.32 0 0 0 0.538 0 0 0 0.471 0 0 0 0.351 0 0 0 0.239 0 0 0 0 0 0 0 0 0 0 0.045 0.617 0.045 0.045 0.017 0.522 0.017 0.017 0 1 0 0 1 1 1 1 1 0 0 0.057 0 0 0 0.32 0 0 0 0.538 0 0 0 0.471 0 0 0 0.351 0 0 0 0.239 0 0 0 0 0 0 0 0 0 0.045 0.045 0.617 0.045 0.017 0.017 0.522 0.017 0 0 1 0 1 1 1 1 1 1 0 0 0 0.057 0 0 0 0.32 0 0 0 0.538 0 0 0 0.471 0 0 0 0.351 0 0 0 0.239 0 0 0 0 0 0 0 0 0.045 0.045 0.045 0.617 0.017 0.017 0.017 0.522 0 0 0 1 1 1 1 1 1 1 1
set_range IP 0.438 0.438 0.438 0.438 0.438 0.438 0 0 0 0 0 0 0 0 0.326 0 0 0 0 0.326 0.326 0 0 0 0 0.326 0.326 0.326 0 0 0 0 0 0 0 0 0 0 0 0 0 0 0 0 0.325 0 0 0 0 0 0 0 0 0.325 0.325 0 0 0 0 0 0 0 0 0.325 0.325 0.325 0 0 0 0 0 0 0 0 0.155 0 0 0 0 0 0 0 0 0 0 0 0 0.155 0 0 0.214 0 0 0 0 0 0 0 0 0 0 0.155 0 0.214 0.214 0 0 0 0 0 0 0 0 0 0 0 0.155 0.214 0.214 0.214 0 0 0 0 0 0 0 0 0 0 0 0 0.444 0 0 0 0 0 0 0 0 0 0 0 0 0 0 0 0 0.444 0 0 0.651 0 0 0 0 0 0 0 0 0 0 0 0 0 0 0.444 0 0.651 0.651 0 0 0 0 0 0 0 0 0 0 0 0 0 0 0 0.444 0.651 0.651 0.651 0 0 0 0 0 0 0 0 0 0 0 0 0 0 0 0 0.302 0 0 0 0 0 0 0 0 0 0 0 0 0 0 0 0 0 0 0 0 0.302 0 0 0.427 0 0 0 0 0 0 0 0 0 0 0 0 0 0 0 0 0 0 0.302 0 0.427 0.427 0 0 0 0 0 0 0 0 0 0 0 0 0 0 0 0 0 0 0 0.302 0.427 0.427 0.427 0 0 0 0 0 0 0 0 0 0 0 0 0 0 0 0 0 0 0 0 0.07 0 0 0 0 0 0 0 0 0 0 0 0 0 0 0 0 0 0 0 0 0 0 0 0 0.07 0 0 0.553 0 0 0 0 0 0 0 0 0 0 0 0 0 0 0 0 0 0 0 0 0 0 0.07 0 0.553 0.553 0 0 0 0 0 0 0 0 0 0 0 0 0 0 0 0 0 0 0 0 0 0 0 0.07 0.553 0.553 0.553 0 0 0 0 0 0 0 0 0 0 0 0 0 0 0 0 0 0 0 0 0 0 0 0 0 0 0 0 0 0 0 0 0 0 0 0 0 0 0 0 0 0 0 0 0 0 0 0 0 0 0 0 0 0 0 0 0.703 0 0 0 0 0 0 0 0 0 0 0 0 0 0 0 0 0 0 0 0 0 0 0 0 0 0 0 0 0.703 0.703 0 0 0 0 0 0 0 0 0 0 0 0 0 0 0 0 0 0 0 0 0 0 0 0 0 0 0 0 0.703 0.703 0.703 0 0 0 0 0 0 0 0 0 0 0 0 0 0 0 0 0 0 0 0 0 0 0 0 0 0 0 0 0.392 0 0 0 0 0 0 0 0 0 0 0 0 0 0 0 0 0 0 0 0 0 0 0 0 0 0 0 0 0 0 0 0 0.392 0 0 0.948 0 0 0 0 0 0 0 0 0 0 0 0 0 0 0 0 0 0 0 0 0 0 0 0 0 0 0 0 0 0 0.392 0 0.948 0.948 0 0 0 0 0 0 0 0 0 0 0 0 0 0 0 0 0 0 0 0 0 0 0 0 0 0 0 0 0 0 0 0.392 0.948 0.948 0.948 0 0 0 0 0 0 0 0 0 0 0 0 0 0 0 0 0 0 0 0 0 0 0 0 0 0 0 0 0 0 0 0 0.321 0 0 0 0 0 0 0 0 0 0 0 0 0 0 0 0 0 0 0 0 0 0 0 0 0 0 0 0 0 0 0 0 0 0 0 0 0.321 0 0 0.813 0 0 0 0 0 0 0 0 0 0 0 0 0 0 0 0 0 0 0 0 0 0 0 0 0 0 0 0 0 0 0 0 0 0 0.321 0 0.813 0.813 0 0 0 0 0 0 0 0 0 0 0 0 0 0 0 0 0 0 0 0 0 0 0 0 0 0 0 0 0 0 0 0 0 0 0 0.321 0.813 0.813 0.813 0 0 0 0 0 0 0 0 0 0 0 0 0 0 0 0 0 0 0 0 0 0 0 0 0 0 0 0 0 0 0 0 0.403 0 0 0 0.55 0 0 0 0 0 0 0 0 0 0 0 0 0 0 0 0 0 0 0 0 0 0 0 0 0 0 0 0 0 0 0 0 0 0 0 0 0.403 0 0 0 0.55 0 0 1 0 0 0 0 0 0 0 0 0 0 0 0 0 0 0 0 0 0 0 0 0 0 0 0 0 0 0 0 0 0 0 0 0 0 0.403 0 0 0 0.55 0 1 1 0 0 0 0 0 0 0 0 0 0 0 0 0 0 0 0 0 0 0 0 0 0 0 0 0 0 0 0 0 0 0 0 0 0 0 0.403 0 0 0 0.55 1 1 1 0 0 0 0 0 0 0 0 0 0 0 0 0 0 0 0 0 0 0 0 0 0 0 0 0 0 0 0 0 0 0 0 0 0 0 0 0.468 0 0 0 1 0 0 0 0 0 0 0 0 0 0 0 0 0 0 0 0 0 0 0 0 0 0 0 0 0 0 0 0 0 0 0 0 0 0 0 0 0 0 0 0 0.468 0 0 0 1 0 0 0.493 0 0 0 0 0 0 0 0 0 0 0 0 0 0 0 0 0 0 0 0 0 0 0 0 0 0 0 0 0 0 0 0 0 0 0 0 0 0 0.468 0 0 0 1 0 0.493 0.493 0 0 0 0 0 0 0 0 0 0 0 0 0 0 0 0 0 0 0 0 0 0 0 0 0 0 0 0 0 0 0 0 0 0 0 0 0 0 0 0.468 0 0 0 1 0.493 0.493 0.493 0 0 0 0 0 0 0 0 0.536 0 0 0 0.81 0 0 0 0.107 0 0 0 0.114 0 0 0 0.163 0 0 0 0.06 0 0 0 0.849 0 0 0 1 0 0 0 1 0.078 0.078 0.078 0.488 0.637 0.637 0.637 0 0 0 0 0 0 0 0 0 0.536 0 0 0 0.81 0 0 0 0.107 0 0 0 0.114 0 0 0 0.163 0 0 0 0.06 0 0 0 0.849 0 0 0 1 0 0 0.078 1 0.078 0.078 0.637 0.488 0.637 0.637 0 0 0 0 0 0 0 0 0 0 0 0.536 0 0 0 0.81 0 0 0 0.107 0 0 0 0.114 0 0 0 0.163 0 0 0 0.06 0 0 0 0.849 0 0 0 1 0 0.078 0.078 1 0.078 0.637 0.637 0.488 0.637 0 0 0 0 0 0 0 0 0 0 0 0 0 0.536 0 0 0 0.81 0 0 0 0.107 0 0 0 0.114 0 0 0 0.163 0 0 0 0.06 0 0 0 0.849 0 0 0 1 0.078 0.078 0.078 1 0.637 0.637 0.637 0.488 0 0 0
set_board QsJh2h
set_eff_stack 910
set_isomorphism 1 0
set_pot 0 0 180
clear_lines 
add_line 0 0 0 0 0 126 320 910
add_line 0 0 0 0 126 320 910
add_line 0 0 0 99 269 269 269 910
add_line 0 0 0 99 269 269 910
add_line 0 0 0 99 269 592 592 592 910
add_line 0 0 0 99 269 592 592 910
add_line 0 0 0 99 269 592 910
add_line 0 0 0 99 99 364 910
add_line 0 0 0 99 99 99 364 910
add_line 0 0 99 269 269 269 910
add_line 0 0 99 269 269 910
add_line 0 0 99 269 592 592 592 910
add_line 0 0 99 269 592 592 910
add_line 0 0 99 269 592 910
add_line 0 0 99 99 364 910
add_line 0 0 99 99 99 364 910
add_line 0 94 260 260 260 260 260 910
add_line 0 94 260 260 260 260 910
add_line 0 94 260 260 260 910
add_line 0 94 260 260 910
add_line 0 94 260 575 575 575 575 575 910
add_line 0 94 260 575 575 575 575 910
add_line 0 94 260 575 575 575 910
add_line 0 94 260 575 575 910
add_line 0 94 260 575 910
add_line 0 94 94 296 296 296 910
add_line 0 94 94 296 296 910
add_line 0 94 94 296 910
add_line 0 94 94 94 296 296 296 910
add_line 0 94 94 94 296 296 910
add_line 0 94 94 94 296 910
add_line 0 94 94 94 94 352 910
add_line 0 94 94 94 94 94 352 910
add_line 94 260 260 260 260 260 910
add_line 94 260 260 260 260 910
add_line 94 260 260 260 910
add_line 94 260 260 910
add_line 94 260 575 575 575 575 575 910
add_line 94 260 575 575 575 575 910
add_line 94 260 575 575 575 910
add_line 94 260 575 575 910
add_line 94 260 575 910
add_line 94 94 296 296 296 910
add_line 94 94 296 296 910
add_line 94 94 296 910
add_line 94 94 94 296 296 296 910
add_line 94 94 94 296 296 910
add_line 94 94 94 296 910
add_line 94 94 94 94 352 910
add_line 94 94 94 94 94 352 910
build_tree 
