# Cash 6-max 100bb BTN-vs-BB SRP -- ranges from Ryan's preflop pack.
#
# Generated by scripts/build_ryan_ranges_template.py from:
#   OOP (BB call vs BTN open): ranges/ryan_preflop_tree/.../BB/UTG_Fold_HJ_Fold_CO_Fold_BTN_60%_SB_Fold_BB_Call.txt
#   IP  (BTN RFI): ranges/ryan_preflop_tree/.../BTN/UTG_Fold_HJ_Fold_CO_Fold_BTN_60%.txt
#
# Sizings (add_line entries, #FlopConfig.BetSize, etc.) and the build_tree
# command are cloned verbatim from PioSolver's shipped 2bpot-full.txt.
#Type#NoLimit
#Range0#AA:0.1,KK:0.1,QQ:0.1,JJ:0.1,TT:0.3,99:0.5,88:0.5,77:0.9,66,55,44,33,22:0.9,AK:0.1,AQs:0.1,AQo:0.5,AJs:0.5,AJo:0.8,ATs:0.8,ATo,A9,A8,A7,A6,A5,A4,A3,A2,KQs:0.5,KQo:0.8,KJs:0.5,KJo,KTs:0.8,KTo,K9,K8,K7s,K6s,K5s,K4s,K3s,K2s,QJs:0.8,QJo,QTs:0.8,QTo,Q9s:0.9,Q9o,Q8,Q7s,Q6s,Q5s,Q4s,Q3s,Q2s:0.9,JTs:0.8,JTo,J9s:0.8,J9o,J8s:0.9,J7s,J6s,J5s,J4s:0.9,J3s:0.9,T9s:0.8,T9o,T8s:0.8,T8o,T7s:0.9,T6s,T5s:0.9,98s:0.8,98o,97s:0.8,97o,96s:0.9,95s:0.9,87s:0.8,87o,86s:0.8,85s:0.8,84s:0.9,76s:0.8,75s:0.8,74s:0.8,65s:0.8,64s:0.8,63s:0.8,54s:0.8,53s:0.8,43s:0.8
#Range1#AA,KK,QQ,JJ,TT,99,88,77,66,55,44,33,22,AK,AQ,AJ,AT,A9,A8,A7,A6,A5,A4,A3s,A3o:0.5,A2s,A2o:0.5,KQ,KJ,KT,K9,K8,K7s,K7o:0.3,K6s,K5s,K4s,K3s,K2s,QJ,QT,Q9,Q8s,Q7s,Q6s,Q5s,Q4s,Q3s,Q2s:0.5,JT,J9,J8s,J7s,J6s,J5s:0.3,J4s:0.3,T9,T8,T7s,T6s:0.3,98,97s,96s,95s:0.3,87s,87o:0.3,86s,85s,84s:0.3,76s,75s,74s:0.5,65s,64s,63s:0.5,54s,53s,43s
#Board#2c Js 7s
#Pot#55
#EffectiveStacks#975
#AllinThreshold#67
#AddAllinOnlyIfLessThanThisTimesThePot#500
#FlopConfig.BetSize#65
#FlopConfig.RaiseSize#52
#FlopConfig.DonkBetSize#65
#TurnConfig.BetSize#70
#TurnConfig.RaiseSize#52
#TurnConfig.DonkBetSize#70
#RiverConfig.BetSize#75
#RiverConfig.RaiseSize#52
#RiverConfig.DonkBetSize#75
#FlopConfigIP.BetSize#65
#FlopConfigIP.RaiseSize#52
#TurnConfigIP.BetSize#70
#TurnConfigIP.RaiseSize#52
#RiverConfigIP.BetSize#75
#RiverConfigIP.RaiseSize#52
set_range OOP 1 1 1 1 1 1 1 0 0 0 0 1 0 0 1 0 0 1 0 1 1 0 0 0 1 1 1 1 1 0 0 0 1 0 0 0 0 1 0 0 0 1 0 0 1 0 0 1 0 0 0 1 0 1 1 0 0 0 1 0 0 0 1 1 1 1 1 0 0 0 1 0 0 0 0.246 0.353 0.353 0.353 0 1 0 0 0 1 0 0 0.353 0.246 0.353 0.353 1 0 0 1 0 0 0 1 0 0.353 0.353 0.246 0.353 1 1 0 0 0 1 0 0 0 1 0.353 0.353 0.353 0.246 1 1 1 0 0 0 0 1 0 0 0 1 0 0 0 0.559 0.531 0.531 0.531 0 0 0 0 0 1 0 0 0 1 0 0 0.531 0.559 0.531 0.531 1 0 0 0 0 0 0 1 0 0 0 1 0 0.531 0.531 0.559 0.531 1 1 0 0 0 0 0 0 0 1 0 0 0 1 0.531 0.531 0.531 0.559 1 1 1 0 0 0 0 0.006 0 0 0 1 0 0 0 1 0 0 0 0 0.822 0.822 0.822 0 0 0 0 0 0.006 0 0 0 1 0 0 0 1 0 0 0.822 0 0.822 0.822 1 0 0 0 0 0 0 0.006 0 0 0 1 0 0 0 1 0 0.822 0.822 0 0.822 1 1 0 0 0 0 0 0 0 0.006 0 0 0 1 0 0 0 1 0.822 0.822 0.822 0 1 1 1 0 0 0 0 0 0 0 0 0.825 0 0 0 1 0 0 0 1 0 0 0 0.344 0.399 0.399 0.399 0 0 0 0 0 0 0 0 0 0.825 0 0 0 1 0 0 0 1 0 0 0.399 0.344 0.399 0.399 0.778 0 0 0 0 0 0 0 0 0 0 0.825 0 0 0 1 0 0 0 1 0 0.399 0.399 0.344 0.399 0.778 0.778 0 0 0 0 0 0 0 0 0 0 0 0.825 0 0 0 1 0 0 0 1 0.399 0.399 0.399 0.344 0.778 0.778 0.778 0 0 0 0 0 0 0 0 0 0 0 0 1 0 0 0 1 0 0 0 1 0 0 0 0.153 0.738 0.738 0.738 0 0 0 0 0 0 0 0 0 0 0 0 0 1 0 0 0 1 0 0 0 1 0 0 0.738 0.153 0.738 0.738 0.236 0 0 0 0 0 0 0 0 0 0 0 0 0 0 1 0 0 0 1 0 0 0 1 0 0.738 0.738 0.153 0.738 0.236 0.236 0 0 0 0 0 0 0 0 0 0 0 0 0 0 0 1 0 0 0 1 0 0 0 1 0.738 0.738 0.738 0.153 0.236 0.236 0.236 0.864 0 0 0 1 0 0 0 1 0 0 0 1 0 0 0 0.563 0 0 0 0.488 0 0 0 0 1 1 1 0 0.969 0.969 0.969 0 0.864 0 0 0 1 0 0 0 1 0 0 0 1 0 0 0 0.563 0 0 0 0.488 0 0 1 0 1 1 0.969 0 0.969 0.969 0 0 0 0.864 0 0 0 1 0 0 0 1 0 0 0 1 0 0 0 0.563 0 0 0 0.488 0 1 1 0 1 0.969 0.969 0 0.969 0 0 0 0 0 0.864 0 0 0 1 0 0 0 1 0 0 0 1 0 0 0 0.563 0 0 0 0.488 1 1 1 0 0.969 0.969 0.969 0 0 0 0 1 0 0 0 1 0 0 0 1 0 0 0 1 0 0 0 1 0 0 0 0.869 0 0 0 0.933 0 0 0 0.875 0.547 0.547 0.547 0.311 0.697 0.697 0.697 0 1 0 0 0 1 0 0 0 1 0 0 0 1 0 0 0 1 0 0 0 0.869 0 0 0 0.933 0 0 0.547 0.875 0.547 0.547 0.697 0.311 0.697 0.697 0 0 0 1 0 0 0 1 0 0 0 1 0 0 0 1 0 0 0 1 0 0 0 0.869 0 0 0 0.933 0 0.547 0.547 0.875 0.547 0.697 0.697 0.311 0.697 0 0 0 0 0 1 0 0 0 1 0 0 0 1 0 0 0 1 0 0 0 1 0 0 0 0.869 0 0 0 0.933 0.547 0.547 0.547 0.875 0.697 0.697 0.697 0.311 0 0 0 1 0 0 0 1 0 0 0 1 0 0 0 1 0 0 0 1 0 0 0 1 0 0 0 1 0 0 0 1 0.932 0.932 0.932 0.903 0.789 0.789 0.789 1 0.992 0.992 0.992 0 1 0 0 0 1 0 0 0 1 0 0 0 1 0 0 0 1 0 0 0 1 0 0 0 1 0 0 0.932 1 0.932 0.932 0.789 0.903 0.789 0.789 0.992 1 0.992 0.992 0 0 0 1 0 0 0 1 0 0 0 1 0 0 0 1 0 0 0 1 0 0 0 1 0 0 0 1 0 0.932 0.932 1 0.932 0.789 0.789 0.903 0.789 0.992 0.992 1 0.992 0 0 0 0 0 1 0 0 0 1 0 0 0 1 0 0 0 1 0 0 0 1 0 0 0 1 0 0 0 1 0.932 0.932 0.932 1 0.789 0.789 0.789 0.903 0.992 0.992 0.992 1 0 0 0 1 0 0 0 1 0 0 0 1 0 0 0 1 0 0 0 0.804 0.184 0.184 0.184 1 0 0 0 1 0.842 0.842 0.842 0.932 0.689 0.689 0.689 0 0.655 0.655 0.655 0 0.865 0.865 0.865 0 0.586 0.586 0.586 0 1 0 0 0 1 0 0 0 1 0 0 0 1 0 0 0.184 0.804 0.184 0.184 0 1 0 0 0.842 1 0.842 0.842 0.689 0.932 0.689 0.689 0.655 0 0.655 0.655 0.865 0 0.865 0.865 0.586 0 0.586 0.586 0 0 0 1 0 0 0 1 0 0 0 1 0 0 0 1 0 0.184 0.184 0.804 0.184 0 0 1 0 0.842 0.842 1 0.842 0.689 0.689 0.932 0.689 0.655 0.655 0 0.655 0.865 0.865 0 0.865 0.586 0.586 0 0.586 0 0 0 0 0 1 0 0 0 1 0 0 0 1 0 0 0 1 0.184 0.184 0.184 0.804 0 0 0 1 0.842 0.842 0.842 1 0.689 0.689 0.689 0.932 0.655 0.655 0.655 0 0.865 0.865 0.865 0 0.586 0.586 0.586 0 0 0 0 1 0 0 0 1 0.661 0.661 0.661 0.821 0.727 0.727 0.727 0.051 0.936 0.936 0.936 1 0.749 0.749 0.749 1 0.852 0.852 0.852 1 0.871 0.871 0.871 1 1 1 1 1 0.612 0.612 0.612 0 0.516 0.516 0.516 0 0 0 0 0 0 0 0 0 1 0 0 0.661 1 0.661 0.661 0.727 0.821 0.727 0.727 0.936 0.051 0.936 0.936 0.749 1 0.749 0.749 0.852 1 0.852 0.852 0.871 1 0.871 0.871 1 1 1 1 0.612 1 0.612 0.612 0.516 0 0.516 0.516 0 0 0 0 0 0 0 0 0 0 0 1 0 0.661 0.661 1 0.661 0.727 0.727 0.821 0.727 0.936 0.936 0.051 0.936 0.749 0.749 1 0.749 0.852 0.852 1 0.852 0.871 0.871 1 0.871 1 1 1 1 0.612 0.612 1 0.612 0.516 0.516 0 0.516 0 0 0 0 0 0 0 0 0 0 0 0 0 1 0.661 0.661 0.661 1 0.727 0.727 0.727 0.821 0.936 0.936 0.936 0.051 0.749 0.749 0.749 1 0.852 0.852 0.852 1 0.871 0.871 0.871 1 1 1 1 1 0.612 0.612 0.612 1 0.516 0.516 0.516 0 0 0 0 0 0 0 0 0 0 0 0
set_range IP 1 1 1 1 1 1 0 0 0 0 0 0 0 0 1 0 0 0 0 1 1 0 0 0 0 1 1 1 0 0 0 0 0 0 0 0 0 0 0 0 0 0 0 0 1 0 0 0 0 0 0 0 0 1 1 0 0 0 0 0 0 0 0 1 1 1 0 0 0 0 1 0 0 0 1 0 0 0 0 0 0 0 0 1 0 0 0 1 0 0 1 0 0 0 0 0 0 1 0 0 0 1 0 1 1 0 0 0 0 0 0 0 1 0 0 0 1 1 1 1 0 0 0 0 0 0 0 0 1 0 0 0 1 0 0 0 0 0 0 0 0 0 0 0 0 1 0 0 0 1 0 0 1 0 0 0 0 0 0 0 0 0 0 1 0 0 0 1 0 1 1 0 0 0 0 0 0 0 0 0 0 0 1 0 0 0 1 1 1 1 0 0 0 0 0 0 0 0 0 0 0 0 1 0 0 0 1 0 0 0 0 0 0 0 0 0 0 0 0 0 0 0 0 1 0 0 0 1 0 0 1 0 0 0 0 0 0 0 0 0 0 0 0 0 0 1 0 0 0 1 0 1 1 0 0 0 0 0 0 0 0 0 0 0 0 0 0 0 1 0 0 0 1 1 1 1 0 0 0 0 0 0 0 0 0 0 0 0 0.276 0 0 0 1 0 0 0 1 0 0 0 0 0 0 0 0 0 0 0 0 0 0 0 0 0.276 0 0 0 1 0 0 0 1 0 0 1 0 0 0 0 0 0 0 0 0 0 0 0 0 0 0.276 0 0 0 1 0 0 0 1 0 1 1 0 0 0 0 0 0 0 0 0 0 0 0 0 0 0 0.276 0 0 0 1 0 0 0 1 1 1 1 0 0 0 0 0 0 0 0 0 0 0 0 0 0 0 0 1 0 0 0 1 0 0 0 1 0.62 0.62 0.62 0 0 0 0 0 0 0 0 0 0 0 0 0 0 0 0 0 1 0 0 0 1 0 0 0.62 1 0.62 0.62 1 0 0 0 0 0 0 0 0 0 0 0 0 0 0 0 0 0 0 1 0 0 0 1 0 0.62 0.62 1 0.62 1 1 0 0 0 0 0 0 0 0 0 0 0 0 0 0 0 0 0 0 0 1 0 0 0 1 0.62 0.62 0.62 1 1 1 1 0 0 0 0 0 0 0 0 0 0 0 0 0.943 0 0 0 1 0 0 0 1 0 0 0 1 1 1 1 1 1 1 1 0 0 0 0 0 0 0 0 0 0 0 0 0 0.943 0 0 0 1 0 0 0 1 0 0 1 1 1 1 1 1 1 1 1 0 0 0 0 0 0 0 0 0 0 0 0 0 0 0.943 0 0 0 1 0 0 0 1 0 1 1 1 1 1 1 1 1 1 1 0 0 0 0 0 0 0 0 0 0 0 0 0 0 0 0.943 0 0 0 1 0 0 0 1 1 1 1 1 1 1 1 1 1 1 1 0 0 0 0 0 0 0 0 0 0 0 0 1 0 0 0 1 0 0 0 1 0 0 0 1 0 0 0 1 1 1 1 1 1 1 1 0 0 0 0 0 0 0 0 0 0 0 0 0 1 0 0 0 1 0 0 0 1 0 0 0 1 0 0 1 1 1 1 1 1 1 1 1 0 0 0 0 0 0 0 0 0 0 0 0 0 0 1 0 0 0 1 0 0 0 1 0 0 0 1 0 1 1 1 1 1 1 1 1 1 1 0 0 0 0 0 0 0 0 0 0 0 0 0 0 0 1 0 0 0 1 0 0 0 1 0 0 0 1 1 1 1 1 1 1 1 1 1 1 1 0 0 0 0 0.018 0 0 0 1 0 0 0 1 0 0 0 1 0 0 0 1 0 0 0 1 0 0 0 1 1 1 1 1 1 1 1 1 1 1 1 0 0 0 0 0 0.018 0 0 0 1 0 0 0 1 0 0 0 1 0 0 0 1 0 0 0 1 0 0 1 1 1 1 1 1 1 1 1 1 1 1 1 0 0 0 0 0 0 0.018 0 0 0 1 0 0 0 1 0 0 0 1 0 0 0 1 0 0 0 1 0 1 1 1 1 1 1 1 1 1 1 1 1 1 1 0 0 0 0 0 0 0 0.018 0 0 0 1 0 0 0 1 0 0 0 1 0 0 0 1 0 0 0 1 1 1 1 1 1 1 1 1 1 1 1 1 1 1 1 1 0 0 0 1 0 0 0 1 0 0 0 1 0 0 0 1 0 0 0 1 0 0 0 1 0 0 0 1 1 1 1 1 1 1 1 1 1 1 1 1 1 1 1 0 1 0 0 0 1 0 0 0 1 0 0 0 1 0 0 0 1 0 0 0 1 0 0 0 1 0 0 1 1 1 1 1 1 1 1 1 1 1 1 1 1 1 1 1 0 0 1 0 0 0 1 0 0 0 1 0 0 0 1 0 0 0 1 0 0 0 1 0 0 0 1 0 1 1 1 1 1 1 1 1 1 1 1 1 1 1 1 1 1 1 0 0 0 1 0 0 0 1 0 0 0 1 0 0 0 1 0 0 0 1 0 0 0 1 0 0 0 1 1 1 1 1 1 1 1 1 1 1 1 1 1 1 1 1 1 1 1 1 0 0 0 1 0.072 0.072 0.072 1 1 1 1 1 1 1 1 1 1 1 1 1 1 1 1 1 1 1 1 1 1 1 1 1 1 1 1 1 1 1 1 1 1 1 1 1 1 1 1 0 1 0 0 0.072 1 0.072 0.072 1 1 1 1 1 1 1 1 1 1 1 1 1 1 1 1 1 1 1 1 1 1 1 1 1 1 1 1 1 1 1 1 1 1 1 1 1 1 1 1 1 0 0 1 0 0.072 0.072 1 0.072 1 1 1 1 1 1 1 1 1 1 1 1 1 1 1 1 1 1 1 1 1 1 1 1 1 1 1 1 1 1 1 1 1 1 1 1 1 1 1 1 1 1 0 0 0 1 0.072 0.072 0.072 1 1 1 1 1 1 1 1 1 1 1 1 1 1 1 1 1 1 1 1 1 1 1 1 1 1 1 1 1 1 1 1 1 1 1 1 1 1 1 1 1 1 1 1
set_board 2cJs7s
set_eff_stack 975
set_isomorphism 1 0
set_pot 0 0 55
clear_lines 
add_line 0 0 0 0 0 41 112 257 553 975
add_line 0 0 0 0 41 112 257 553 975
add_line 0 0 0 38 106 106 106 306 653 975
add_line 0 0 0 38 106 106 306 653 975
add_line 0 0 0 38 106 245 245 245 975
add_line 0 0 0 38 106 245 245 975
add_line 0 0 0 38 106 245 528 528 528 975
add_line 0 0 0 38 106 245 528 528 975
add_line 0 0 0 38 106 245 528 975
add_line 0 0 0 38 38 136 306 653 975
add_line 0 0 0 38 38 38 136 306 653 975
add_line 0 0 38 106 106 106 306 653 975
add_line 0 0 38 106 106 306 653 975
add_line 0 0 38 106 245 245 245 975
add_line 0 0 38 106 245 245 975
add_line 0 0 38 106 245 528 528 528 975
add_line 0 0 38 106 245 528 528 975
add_line 0 0 38 106 245 528 975
add_line 0 0 38 38 136 306 653 975
add_line 0 0 38 38 38 136 306 653 975
add_line 0 36 102 102 102 102 102 296 632 975
add_line 0 36 102 102 102 102 296 632 975
add_line 0 36 102 102 102 283 283 283 975
add_line 0 36 102 102 102 283 283 975
add_line 0 36 102 102 102 283 606 606 606 975
add_line 0 36 102 102 102 283 606 606 975
add_line 0 36 102 102 102 283 606 975
add_line 0 36 102 102 283 283 283 975
add_line 0 36 102 102 283 283 975
add_line 0 36 102 102 283 606 606 606 975
add_line 0 36 102 102 283 606 606 975
add_line 0 36 102 102 283 606 975
add_line 0 36 102 237 237 237 237 237 634 975
add_line 0 36 102 237 237 237 237 634 975
add_line 0 36 102 237 237 237 607 607 607 975
add_line 0 36 102 237 237 237 607 607 975
add_line 0 36 102 237 237 237 607 975
add_line 0 36 102 237 237 607 607 607 975
add_line 0 36 102 237 237 607 607 975
add_line 0 36 102 237 237 607 975
add_line 0 36 102 237 512 512 512 512 512 975
add_line 0 36 102 237 512 512 512 512 975
add_line 0 36 102 237 512 512 512 975
add_line 0 36 102 237 512 512 975
add_line 0 36 102 237 512 975
add_line 0 36 36 125 125 125 354 975
add_line 0 36 36 125 125 354 975
add_line 0 36 36 125 284 284 284 975
add_line 0 36 36 125 284 284 975
add_line 0 36 36 125 284 608 608 608 975
add_line 0 36 36 125 284 608 608 975
add_line 0 36 36 125 284 608 975
add_line 0 36 36 36 125 125 125 354 975
add_line 0 36 36 36 125 125 354 975
add_line 0 36 36 36 125 284 284 284 975
add_line 0 36 36 36 125 284 284 975
add_line 0 36 36 36 125 284 608 608 608 975
add_line 0 36 36 36 125 284 608 608 975
add_line 0 36 36 36 125 284 608 975
add_line 0 36 36 36 36 131 296 632 975
add_line 0 36 36 36 36 36 131 296 632 975
add_line 36 102 102 102 102 102 296 632 975
add_line 36 102 102 102 102 296 632 975
add_line 36 102 102 102 283 283 283 975
add_line 36 102 102 102 283 283 975
add_line 36 102 102 102 283 606 606 606 975
add_line 36 102 102 102 283 606 606 975
add_line 36 102 102 102 283 606 975
add_line 36 102 102 283 283 283 975
add_line 36 102 102 283 283 975
add_line 36 102 102 283 606 606 606 975
add_line 36 102 102 283 606 606 975
add_line 36 102 102 283 606 975
add_line 36 102 237 237 237 237 237 634 975
add_line 36 102 237 237 237 237 634 975
add_line 36 102 237 237 237 607 607 607 975
add_line 36 102 237 237 237 607 607 975
add_line 36 102 237 237 237 607 975
add_line 36 102 237 237 607 607 607 975
add_line 36 102 237 237 607 607 975
add_line 36 102 237 237 607 975
add_line 36 102 237 512 512 512 512 512 975
add_line 36 102 237 512 512 512 512 975
add_line 36 102 237 512 512 512 975
add_line 36 102 237 512 512 975
add_line 36 102 237 512 975
add_line 36 36 125 125 125 354 975
add_line 36 36 125 125 354 975
add_line 36 36 125 284 284 284 975
add_line 36 36 125 284 284 975
add_line 36 36 125 284 608 608 608 975
add_line 36 36 125 284 608 608 975
add_line 36 36 125 284 608 975
add_line 36 36 36 125 125 125 354 975
add_line 36 36 36 125 125 354 975
add_line 36 36 36 125 284 284 284 975
add_line 36 36 36 125 284 284 975
add_line 36 36 36 125 284 608 608 608 975
add_line 36 36 36 125 284 608 608 975
add_line 36 36 36 125 284 608 975
add_line 36 36 36 36 131 296 632 975
add_line 36 36 36 36 36 131 296 632 975
build_tree 
