# Cash 6-max 100bb HJ open, BB 3-bet, HJ 4-bet, BB call (4BP) -- ranges from Ryan's preflop pack.
#
# Generated by scripts/build_ryan_ranges_template.py from:
#   OOP (BB call vs HJ 4-bet): ranges/ryan_preflop_tree/.../BB/UTG_Fold_HJ_60%_CO_Fold_BTN_Fold_SB_Fold_BB_182%_HJ_50%_BB_Call.txt
#   IP  (HJ 4-bet vs BB 3-bet): ranges/ryan_preflop_tree/.../HJ/UTG_Fold_HJ_60%_CO_Fold_BTN_Fold_SB_Fold_BB_182%_HJ_50%.txt
#
# Sizings (add_line entries, #FlopConfig.BetSize, etc.) and the build_tree
# command are cloned verbatim from 4bpot-full.txt.
#Type#NoLimit
#Range0#AA:0.723632932,QQ:0.0528564453,JJ:0.236694336,TT:0.635986447,99:0.826934814,88:0.495586425,77:0.400753647,66:0.391036719,55:0.328133315,44:0.248686835,33:0.141189039,22:0.008421436,AQs:0.495605469,AQo:0.581543088,AJs:0.99999994,AJo:0.176093981,ATs,A9s:0.8989259,A8s:0.381416619,A7s:0.0311181843,A6s:0.0016922643,A5s:0.0677626207,A4s:0.109033599,A3s:0.0624528378,A2s:0.0653411448,KQs,KQo:0.286251545,KJs,KTs,K9s:0.435546875,K8s:0.0089323595,K7s:0.167815715,K6s:0.217846066,QJs,QTs:0.727783322,JTs:0.717285275,J9s:0.0514673106,T9s:0.0253356751,87s:0.453221619,76s:0.710009634,65s:0.713644207,64s:0.0125280349,54s:0.50071907
#Range1#AA,KK,QQ,JJ:0.935241818,TT:0.55493176,99:0.121643066,88:0.0787353516,AK,AQs:0.270751953,AJo:0.15625,ATo:0.287597656,A9o:0.241577148,A8o:0.218017578,A7o:0.113098145,A6o:0.0149307251,A5o:0.234008789,A4o:0.117126465,KQo:0.0334472656,KJo:0.157958984,KTo:0.158203125,K9o:0.150512695,K7o:0.0013275147,K3s:0.0517578125,K2s:0.0572814941,QJo:0.244628906,QTo:0.231567383,Q9o:0.0203399658,Q7s:0.0259246826,Q6s:0.0814819336,Q5s:0.237060547,Q4s:0.360107422,Q3s:0.328613281,Q2s:0.444335938,JTo:0.126098633,J9o:0.0513305664,J6s:0.209472656,J5s:0.302001953,J4s:0.207763672,J3s:0.199951172,T9o:0.117614746,T6s:0.209106445,98o:0.0159912109,95s:0.0277099591,87o:0.0431518555,85s:0.067199707,84s:0.0665283203,76o:0.0153961182,74s:0.110717773,63s:0.151123032,52s:0.0357666016,42s:0.0540771484
#Board#Qs Jh 2h
#Pot#500
#EffectiveStacks#1000
#AllinThreshold#67
#AddAllinOnlyIfLessThanThisTimesThePot#250
#FlopConfig.RaiseSize#3x
#FlopConfig.AddAllin#True
#TurnConfig.BetSize#e
#TurnConfig.RaiseSize#3x
#TurnConfig.AddAllin#True
#RiverConfig.BetSize#65
#RiverConfig.RaiseSize#3x
#RiverConfig.AddAllin#True
#FlopConfigIP.BetSize#e, 66
#FlopConfigIP.RaiseSize#3x
#FlopConfigIP.AddAllin#True
#TurnConfigIP.BetSize#e
#TurnConfigIP.RaiseSize#3x
#TurnConfigIP.AddAllin#True
#RiverConfigIP.BetSize#65
#RiverConfigIP.RaiseSize#3x
#RiverConfigIP.AddAllin#True
set_range OOP 0 0 0 0 0 0 0 0 0 0 0 0 0 0 0 0 0 0 0 0 0 0 0 0 0 0 0 0 0 0 0 0 0 0 0 0 0 0 0 0 0 0 0 0 0 0 0 0 0 0 0 0 0 0 0 0 0 0 0 0 0 0 0 0 0 0 0 0 0 0 0 0 0 0 0.343 0 0 0 0 0 0 0 0 0 0 0 0 0.343 0 0 0 0 0 0 0 0 0 0 0 0 0 0.343 0 0 0 0 0 0 0 0 0 0 0 0 0 0 0.343 0 0 0 0 0 0 0 0 0 0 0 0 0 0 0 0.424 0 0 0 0 0 0 0 0 0 0 0 0 0 0 0 0 0.424 0 0 0 0 0 0 0 0 0 0 0 0 0 0 0 0 0 0.424 0 0 0 0 0 0 0 0 0 0 0 0 0 0 0 0 0 0 0.424 0 0 0 0 0 0 0 0 0 0 0 0 0 0 0 0 0 0 0 0.36 0 0 0 0 0 0 0 0 0 0 0 0 0 0 0 0 0 0 0 0 0.36 0 0 0 0 0 0 0 0 0 0 0 0 0 0 0 0 0 0 0 0 0 0.36 0 0 0 0 0 0 0 0 0 0 0 0 0 0 0 0 0 0 0 0 0 0 0.36 0 0 0 0 0 0 0 0 0 0 0 0 0 0 0 0 0 0 0 0 0 0 0 0.424 0 0 0 0 0 0 0 0 0 0 0 0 0 0 0 0 0 0 0 0 0 0 0 0 0.424 0 0 0 0 0 0 0 0 0 0 0 0 0 0 0 0 0 0 0 0 0 0 0 0 0 0.424 0 0 0 0 0 0 0 0 0 0 0 0 0 0 0 0 0 0 0 0 0 0 0 0 0 0 0.424 0 0 0 0 0 0 0 0 0 0 0 0 0 0 0 0 0 0 0 0 0 0 0 0 0 0 0 0 0 0 0 0 0 0 0 0 0 0 0 0 0 0 0 0 0 0 0 0 0 0 0 0 0 0 0 0 0 0 0 0.05 0 0 0 0 0 0 0 0 0 0 0 0 0 0 0 0 0 0 0 0 0 0 0 0 0 0 0 0 0.05 0.05 0 0 0 0 0 0 0 0 0 0 0 0 0 0 0 0 0 0 0 0 0 0 0 0 0 0 0 0 0.05 0.05 0.05 0 0 0 0 0 0 0 0 0 0 0 0 0 0 0 0 0 0 0 0 0 0 0 0 0 0 0 0 0.537 0 0 0 0 0 0 0 0 0 0 0 0 0 0 0 0 0 0 0 0 0 0 0 0 0 0 0 0 0 0 0 0 0.537 0 0 0.224 0 0 0 0 0 0 0 0 0 0 0 0 0 0 0 0 0 0 0 0 0 0 0 0 0 0 0 0 0 0 0.537 0 0.224 0.224 0 0 0 0 0 0 0 0 0 0 0 0 0 0 0 0 0 0 0 0 0 0 0 0 0 0 0 0 0 0 0 0.537 0.224 0.224 0.224 0 0 0 0 0 0 0 0 0 0 0 0 0 0 0 0 0 0 0 0 0 0 0 0 0 0 0 0 0 0 0 0 0.267 0 0 0 0 0 0 0 0 0 0 0 0 0 0 0 0 0 0 0 0 0 0 0 0 0 0 0 0 0 0 0 0 0 0 0 0 0.267 0 0 0.631 0 0 0 0 0 0 0 0 0 0 0 0 0 0 0 0 0 0 0 0 0 0 0 0 0 0 0 0 0 0 0 0 0 0 0.267 0 0.631 0.631 0 0 0 0 0 0 0 0 0 0 0 0 0 0 0 0 0 0 0 0 0 0 0 0 0 0 0 0 0 0 0 0 0 0 0 0.267 0.631 0.631 0.631 0 0 0 0 0 0 0 0 0 0 0 0 0 0 0 0 0 0 0 0 0 0 0 0 0 0 0 0 0 0 0 0 0 0 0 0 0 0 0 0 0 0 0 0 0 0 0 0 0 0 0 0 0 0 0 0 0 0 0 0 0 0 0 0 0 0 0 0 0 0 0 0 0 0 0 0 0 0 0 0 0.669 0 0 0 0 0 0 0 0 0 0 0 0 0 0 0 0 0 0 0 0 0 0 0 0 0 0 0 0 0 0 0 0 0 0 0 0 0 0 0 0 0.669 0.669 0 0 0 0 0 0 0 0 0 0 0 0 0 0 0 0 0 0 0 0 0 0 0 0 0 0 0 0 0 0 0 0 0 0 0 0 0 0 0 0 0.669 0.669 0.669 0 0 0 0 0 0 0 0 0 0 0 0 0 0 0 0 0 0 0 0 0 0 0 0 0 0 0 0 0 0 0 0 0.217 0 0 0 0.942 0 0 0 0 0 0 0 0 0 0 0 0 0 0 0 0 0 0 0 0 0 0 0 0 0 0 0 0 0 0 0 0 0 0 0 0 0 0 0 0 0.217 0 0 0 0.942 0 0 0 0 0 0 0 0 0 0 0 0 0 0 0 0 0 0 0 0 0 0 0 0 0 0 0 0 0 0 0 0 0 0 0 0 0 0 0 0 0 0.217 0 0 0 0.942 0 0 0 0 0 0 0 0 0 0 0 0 0 0 0 0 0 0 0 0 0 0 0 0 0 0 0 0 0 0 0 0 0 0 0 0 0 0 0 0 0 0 0.217 0 0 0 0.942 0 0 0 0 0 0 0 0 0 0 0 0 0 0 0 0 0 0 0 0.024 0 0 0 0 0 0 0 0 0 0 0 0 0 0 0 0.001 0 0 0 0.395 0 0 0 0.005 0 0 0 1 0.118 0.118 0.118 0.183 0.257 0.257 0.257 0 0 0 0 0 0 0 0 0 0 0 0 0 0.024 0 0 0 0 0 0 0 0 0 0 0 0 0 0 0 0.001 0 0 0 0.395 0 0 0 0.005 0 0 0.118 1 0.118 0.118 0.257 0.183 0.257 0.257 0.326 0 0 0 0 0 0 0 0 0 0 0 0 0 0 0.024 0 0 0 0 0 0 0 0 0 0 0 0 0 0 0 0.001 0 0 0 0.395 0 0 0 0.005 0 0.118 0.118 1 0.118 0.257 0.257 0.183 0.257 0.326 0.326 0 0 0 0 0 0 0 0 0 0 0 0 0 0 0 0.024 0 0 0 0 0 0 0 0 0 0 0 0 0 0 0 0.001 0 0 0 0.395 0 0 0 0.005 0.118 0.118 0.118 1 0.257 0.257 0.257 0.183 0.326 0.326 0.326
set_range IP 0 0 0 0 0 0 0 0 0 0 0 0 0 0 0 0 0 0 0 0 0 0 0 0 0 0 0 0 0 0 0 0 0 0 0 0 0 0 0 0 0 0 0 0 0 0 0 0 0 0 0 0 0 0 0 0 0 0 0 0 0 0 0 0 0 0 0 0 0 0 0 0 0 0 0 0 0 0 0 0 0 0 0 0 0 0 0 0 0 0 0 0 0 0 0 0 0 0 0 0 0 0 0 0 0 0 0 0 0 0 0 0 0 0 0 0 0 0 0 0 0 0 0 0 0 0 0 0 0 0 0 0 0 0 0 0 0 0 0 0 0 0 0 0 0 0 0 0 0 0 0 0 0 0 0 0 0 0 0 0 0 0 0 0 0 0 0 0 0 0 0 0 0 0 0 0 0 0 0 0 0 0 0 0 0 0 0 0 0 0 0 0 0 0 0 0 0 0 0 0 0 0 0 0 0 0 0 0 0 0 0 0 0 0 0 0 0 0 0 0 0 0 0 0 0 0 0 0 0 0 0 0 0 0 0 0 0 0 0 0 0 0 0 0 0 0 0 0 0 0 0 0 0 0 0 0 0 0 0 0 0 0 0 0 0 0 0 0 0 0 0 0 0 0 0 0 0 0 0 0 0 0 0 0 0 0 0 0 0 0 0 0 0 0 0 0 0 0 0 0 0 0 0 0 0 0 0 0 0 0 0 0 0 0 0 0 0 0 0 0 0 0 0 0 0 0 0 0 0 0 0 0 0 0 0 0 0 0 0 0 0 0 0 0 0 0 0 0 0 0 0 0 0 0 0 0 0 0 0 0 0 0 0 0 0 0 0 0 0 0 0 0 0 0 0 0 0 0 0 0 0 0 0 0 0 0 0 0 0 0 0 0 0 0 0 0 0 0 0 0 0 0 0 0 0 0 0 0 0 0 0 0 0 0 0 0 0 0 0 0 0 0 0 0 0 0 0 0 0 0 0 0 0 0 0.064 0 0 0 0 0 0 0 0 0 0 0 0 0 0 0 0 0 0 0 0 0 0 0 0 0 0 0 0 0.064 0.064 0 0 0 0 0 0 0 0 0 0 0 0 0 0 0 0 0 0 0 0 0 0 0 0 0 0 0 0 0.064 0.064 0.064 0 0 0 0 0 0 0 0 0 0 0 0 0 0 0 0 0 0 0 0 0 0 0 0 0 0 0 0 0 0 0 0 0 0 0 0 0 0 0 0 0 0 0 0 0 0 0 0 0 0 0 0 0 0 0 0 0 0 0 0 0 0 0 0 0.034 0 0 0 0 0 0 0 0 0 0 0 0 0 0 0 0 0 0 0 0 0 0 0 0 0 0 0 0 0 0 0 0 0.034 0.034 0 0 0 0 0 0 0 0 0 0 0 0 0 0 0 0 0 0 0 0 0 0 0 0 0 0 0 0 0 0 0 0 0.034 0.034 0.034 0 0 0 0 0 0 0 0 0 0 0 0 0 0 0 0 0 0 0 0 0 0 0 0 0 0 0 0 0 0 0 0 0 0 0 0 0 0 0 0 0 0 0 0 0 0 0 0 0 0 0 0 0 0 0 0 0 0 0 0 0 0 0 0 0 0 0 0 0 0 0 0 0.184 0 0 0 0 0 0 0 0 0 0 0 0 0 0 0 0 0 0 0 0 0 0 0 0 0 0 0 0 0 0 0 0 0 0 0 0 0.184 0.184 0 0 0 0 0 0 0 0 0 0 0 0 0 0 0 0 0 0 0 0 0 0 0 0 0 0 0 0 0 0 0 0 0 0 0 0 0.184 0.184 0.184 0 0 0 0 0 0 0 0 0 0 0 0 0 0 0 0 0 0 0 0 0 0 0 0 0 0 0 0 0 0 0 0 0 0 0 0 0 0 0 0 0 0 0 0 0 0 0 0 0 0 0 0 0 0 0 0 0 0 0 0 0 0 0 0 0 0 0 0 0 0 0 0 0 0 0 0 0 0 0 0 0.061 0 0 0 0 0 0 0 0 0 0 0 0 0 0 0 0 0 0 0 0 0 0 0 0 0 0 0 0 0 0 0 0 0 0 0 0 0 0 0 0 0.061 0.061 0 0 0 0 0 0 0 0 0 0 0 0 0 0 0 0 0 0 0 0 0 0 0 0 0 0 0 0 0 0 0 0 0 0 0 0 0 0 0 0 0.061 0.061 0.061 0 0 0 0 0 0 0 0 0 0 0 0 0 0 0 0 0 0 0 0 0 0 0 0 0 0 0 0 0 0 0 0 0.343 0 0 0 0.082 0 0 0 0 0 0 0 0 0 0 0 0 0 0 0 0 0 0 0 0 0 0 0 0 0 0 0 0 0 0 0 0 0 0 0 0 0 0 0 0 0.343 0 0 0 0.082 0 0 0 0 0 0 0.414 0 0 0 0 0 0 0 0 0 0 0 0 0 0 0 0 0 0 0 0 0 0 0 0 0 0 0 0 0 0 0 0 0 0 0.343 0 0 0 0.082 0 0 0 0 0 0.414 0.414 0 0 0 0 0 0 0 0 0 0 0 0 0 0 0 0 0 0 0 0 0 0 0 0 0 0 0 0 0 0 0 0 0 0 0 0.343 0 0 0 0.082 0 0 0 0 0.414 0.414 0.414 0.039 0 0 0 0.255 0 0 0 0.319 0 0 0 0.243 0 0 0 0 0 0 0 0 0 0 0 0.278 0 0 0 0.277 0 0 0 0 0 0 0 0.035 0 0 0 0 0.311 0.311 0.311 0.434 0.165 0.165 0.165 0 0.039 0 0 0 0.255 0 0 0 0.319 0 0 0 0.243 0 0 0 0 0 0 0 0 0 0 0 0.278 0 0 0 0.277 0 0 0 0 0 0 0 0.035 0 0 0.311 0 0.311 0.311 0.165 0.434 0.165 0.165 0.997 0 0 0.039 0 0 0 0.255 0 0 0 0.319 0 0 0 0.243 0 0 0 0 0 0 0 0 0 0 0 0.278 0 0 0 0.277 0 0 0 0 0 0 0 0.035 0 0.311 0.311 0 0.311 0.165 0.165 0.434 0.165 0.997 0.997 0 0 0 0.039 0 0 0 0.255 0 0 0 0.319 0 0 0 0.243 0 0 0 0 0 0 0 0 0 0 0 0.278 0 0 0 0.277 0 0 0 0 0 0 0 0.035 0.311 0.311 0.311 0 0.165 0.165 0.165 0.434 0.997 0.997 0.997
set_board QsJh2h
set_eff_stack 1000
set_isomorphism 1 0
set_pot 0 0 500
clear_lines 
add_line 0 0 0 0 0 1000
add_line 0 0 0 0 0 325 1000
add_line 0 0 0 0 1000
add_line 0 0 0 0 325 1000
add_line 0 0 0 1000
add_line 0 0 0 309 1000
add_line 0 0 0 309 309 309 1000
add_line 0 0 1000
add_line 0 0 309 1000
add_line 0 0 309 309 1000
add_line 0 0 309 309 309 1000
add_line 0 1000
add_line 0 177 1000
add_line 0 177 177 177 1000
add_line 0 177 177 177 177 1000
add_line 0 177 177 177 177 177 1000
add_line 0 177 177 177 481 1000
add_line 0 177 177 177 481 481 481 1000
add_line 0 177 531 1000
add_line 0 177 531 531 1000
add_line 0 177 531 531 531 1000
add_line 0 177 531 531 531 531 1000
add_line 0 177 531 531 531 531 531 1000
add_line 0 330 1000
add_line 0 330 330 330 1000
add_line 0 330 330 330 330 1000
add_line 0 330 330 330 330 330 1000
add_line 0 330 330 330 601 1000
add_line 0 330 330 330 601 601 601 1000
build_tree 
