# Cash 6-max 100bb BTN open, BB 3-bet, BTN call (3BP) -- ranges from Ryan's preflop pack.
#
# Generated by scripts/build_ryan_ranges_template.py from:
#   OOP (BB 3-bet vs BTN): ranges/ryan_preflop_tree/.../BB/UTG_Fold_HJ_Fold_CO_Fold_BTN_60%_SB_Fold_BB_182%.txt
#   IP  (BTN call vs BB 3-bet): ranges/ryan_preflop_tree/.../BTN/UTG_Fold_HJ_Fold_CO_Fold_BTN_60%_SB_Fold_BB_182%_BTN_Call.txt
#
# Sizings (add_line entries, #FlopConfig.BetSize, etc.) and the build_tree
# command are cloned verbatim from 3bpot-full.txt.
#Type#NoLimit
#Range0#AA,KK,QQ,JJ,TT,99,88,77:0.02,66:0.02,55:0.02,44:0.02,33:0.02,22:0.02,AK,AQ,AJ,ATs,ATo:0.75,A9s,A9o:0.01,A8s,A8o:0.01,A7:0.01,A6:0.01,A5s:0.5,A5o:0.01,A4s:0.5,A4o:0.01,A3s:0.5,A3o:0.01,A2s:0.5,A2o:0.01,KQ,KJs,KJo:0.75,KTs,KTo:0.25,K9s,K9o:0.01,K8:0.01,K7s:0.01,K6s:0.01,K5s:0.01,K4s:0.01,K3s:0.01,K2s:0.01,QJs,QJo:0.5,QTs,QTo:0.25,Q9s,Q9o:0.01,Q8s:0.25,Q8o:0.01,Q7s:0.01,Q6s:0.01,Q5s:0.01,Q4s:0.01,Q3s:0.01,Q2s:0.01,JTs,JTo:0.25,J9s,J9o:0.01,J8s,J8o:0.01,J7s:0.01,J6s:0.01,J5s:0.01,J4s:0.01,J3s:0.01,J2s:0.01,T9s,T9o:0.01,T8s,T8o:0.01,T7s:0.25,T6s:0.01,T5s:0.01,T4s:0.01,T3s:0.01,T2s:0.01,98s,98o:0.01,97s,97o:0.01,96s:0.25,95s:0.01,94s:0.01,93s:0.01,92s:0.01,87s,87o:0.25,86s:0.75,86o:0.25,85s:0.25,84s:0.01,83s:0.01,82s:0.01,76s:0.75,76o:0.25,75s:0.75,75o:0.25,74s:0.25,73s:0.01,72s:0.01,65s:0.75,65o:0.25,64s:0.5,64o:0.01,63s:0.25,62s:0.01,54s:0.75,54o:0.25,53s:0.5,52s:0.25,43s:0.5,43o:0.01,42s:0.25,32s:0.25
#Range1#AA:0.25,KK:0.25,QQ:0.01,JJ:0.01,TT:0.03,99,88,77,66,55,44,33,22,AKs:0.01,AKo:0.03,AQs:0.03,AQo,AJ,AT,A9,A8,A7s,A7o:0.01,A6s,A6o:0.01,A5s,A5o:0.25,A4s,A4o:0.25,A3s,A3o:0.25,A2s,A2o:0.25,KQ,KJ,KT,K9,K8s,K8o:0.01,K7s,K7o:0.01,K6s,K5s,K4s,K3s,K2s,QJ,QT,Q9,Q8s,Q8o:0.01,Q7s,Q6s,Q5s,Q4s,Q3s,Q2s,JT,J9,J8s,J8o:0.01,J7s,J6s,J5s:0.25,J4s:0.01,J3s:0.01,J2s:0.01,T9,T8s,T8o:0.01,T7s,T6s,T5s:0.01,T4s:0.01,98,97s,96s,95s:0.25,94s:0.01,87s,87o:0.25,86s,85s:0.25,84s:0.01,83s:0.01,76s,76o:0.01,75s,74s:0.25,73s:0.01,65s,65o:0.01,64s,63s:0.25,54s,54o:0.01,53s:0.25,52s:0.01,43s,42s:0.01
#Board#Qs Jh 2h
#Pot#180
#EffectiveStacks#910
#AllinThreshold#67
#AddAllinOnlyIfLessThanThisTimesThePot#300
#FlopConfig.BetSize#52
#FlopConfig.RaiseSize#45
#FlopConfig.DonkBetSize#52
#TurnConfig.BetSize#55
#TurnConfig.RaiseSize#45
#TurnConfig.DonkBetSize#55
#RiverConfig.BetSize#70
#RiverConfig.RaiseSize#45
#RiverConfig.DonkBetSize#70
#FlopConfigIP.BetSize#52
#FlopConfigIP.RaiseSize#45
#TurnConfigIP.BetSize#55
#TurnConfigIP.RaiseSize#45
#RiverConfigIP.BetSize#70
#RiverConfigIP.RaiseSize#45
set_range OOP 0 0 0 0 0 0 0 0 0 0 0 0 0 0 0 0 0 0 0 0 0 0 0 0 0 0 0 0 0 0 0 0 0 0 0 0 0 0 0 0 0 0 0 0 0 0 0 0 0 0 0 0 0 0 0 0 0 0 0 0 0 0 0 0 0 0 0 0 0 0 0 0 0 0 0.754 0 0 0 0 0 0 0 0 0 0 0 0 0.754 0 0 0 0 0 0 0 0 0 0 0 0 0 0.754 0 0 0 0 0 0 0 0 0 0 0 0 0 0 0.754 0 0 0 0 0 0 0 0 0 0 0 0 0 0 0 0.441 0 0 0 0 0 0 0 0 0 0 0 0 0 0 0 0 0.441 0 0 0 0 0 0 0 0 0 0 0 0 0 0 0 0 0 0.441 0 0 0 0 0 0 0 0 0 0 0 0 0 0 0 0 0 0 0.441 0 0 0 0 0 0 0 0 0 0 0 0 0 0 0 0 0 0 0 1 0 0 0 0 0 0 0 0 0 0 0 0 0 0 0 0 0 0 0 0 1 0 0 0 0 0 0 0 0 0 0 0 0 0 0 0 0 0 0 0 0 0 1 0 0 0 0 0 0 0 0 0 0 0 0 0 0 0 0 0 0 0 0 0 0 1 0 0 0 0 0 0 0 0 0 0 0 0 0 0 0 0 0 0 0 0 0 0 0 0.656 0 0 0 0 0 0 0 0 0 0 0 0 0 0 0 0 0 0 0 0 0 0 0 0 0.656 0 0 0.222 0 0 0 0 0 0 0 0 0 0 0 0 0 0 0 0 0 0 0 0 0 0 0.656 0 0.222 0.222 0 0 0 0 0 0 0 0 0 0 0 0 0 0 0 0 0 0 0 0 0 0 0 0.656 0.222 0.222 0.222 0 0 0 0 0 0 0 0 0 0 0 0 0 0 0 0 0 0 0 0 0 0 0 0 0.847 0 0 0 0 0 0 0 0 0 0 0 0 0 0 0 0 0 0 0 0 0 0 0 0 0 0 0 0 0.847 0 0 0.764 0 0 0 0 0 0 0 0 0 0 0 0 0 0 0 0 0 0 0 0 0 0 0 0 0 0 0.847 0 0.764 0.764 0 0 0 0 0 0 0 0 0 0 0 0 0 0 0 0 0 0 0 0 0 0 0 0 0 0 0 0.847 0.764 0.764 0.764 0 0 0 0 0 0 0 0 0 0 0 0 0 0 0 0 0.437 0 0 0 0.512 0 0 0 1 0 0 0 1 0.031 0.031 0.031 0 0 0 0 0 0 0 0 0 0 0 0 0 0 0 0 0 0.437 0 0 0 0.512 0 0 0 1 0 0 0.031 1 0.031 0.031 1 0 0 0 0 0 0 0 0 0 0 0 0 0 0 0 0 0 0 0.437 0 0 0 0.512 0 0 0 1 0 0.031 0.031 1 0.031 1 1 0 0 0 0 0 0 0 0 0 0 0 0 0 0 0 0 0 0 0 0.437 0 0 0 0.512 0 0 0 1 0.031 0.031 0.031 1 1 1 1 0 0 0 0 0 0 0 0 0 0 0 0 0 0 0 0 0 0 0 0 0.131 0 0 0 0.067 0 0 0 0.125 0.453 0.453 0.453 0.689 0.303 0.303 0.303 0 0 0 0 0 0 0 0 0 0 0 0 0 0 0 0 0 0 0 0 0 0.131 0 0 0 0.067 0 0 0.453 0.125 0.453 0.453 0.303 0.689 0.303 0.303 1 0 0 0 0 0 0 0 0 0 0 0 0 0 0 0 0 0 0 0 0 0 0 0.131 0 0 0 0.067 0 0.453 0.453 0.125 0.453 0.303 0.303 0.689 0.303 1 1 0 0 0 0 0 0 0 0 0 0 0 0 0 0 0 0 0 0 0 0 0 0 0 0.131 0 0 0 0.067 0.453 0.453 0.453 0.125 0.303 0.303 0.303 0.689 1 1 1 0 0 0 0 0 0 0 0 0 0 0 0 0 0 0 0 0 0 0 0 0 0 0 0 0 0 0 0 0 0.068 0.068 0.068 0.097 0.211 0.211 0.211 0 0.008 0.008 0.008 0 0 0 0 0 0 0 0 0 0 0 0 0 0 0 0 0 0 0 0 0 0 0 0 0 0 0 0 0.068 0 0.068 0.068 0.211 0.097 0.211 0.211 0.008 0 0.008 0.008 1 0 0 0 0 0 0 0 0 0 0 0 0 0 0 0 0 0 0 0 0 0 0 0 0 0 0 0 0 0.068 0.068 0 0.068 0.211 0.211 0.097 0.211 0.008 0.008 0 0.008 1 1 0 0 0 0 0 0 0 0 0 0 0 0 0 0 0 0 0 0 0 0 0 0 0 0 0 0 0 0 0.068 0.068 0.068 0 0.211 0.211 0.211 0.097 0.008 0.008 0.008 0 1 1 1 0 0 0 0 0 0 0 0 0 0 0 0 0 0 0 0 0.196 0 0 0 0 0 0 0 0 0.049 0.049 0.049 0.068 0.311 0.311 0.311 1 0.345 0.345 0.345 1 0.135 0.135 0.135 1 0.414 0.414 0.414 0 0 0 0 0 0 0 0 0 0 0 0 0 0 0 0 0 0.196 0 0 0 0 0 0 0.049 0 0.049 0.049 0.311 0.068 0.311 0.311 0.345 1 0.345 0.345 0.135 1 0.135 0.135 0.414 1 0.414 0.414 1 0 0 0 0 0 0 0 0 0 0 0 0 0 0 0 0 0 0 0.196 0 0 0 0 0 0.049 0.049 0 0.049 0.311 0.311 0.068 0.311 0.345 0.345 1 0.345 0.135 0.135 1 0.135 0.414 0.414 1 0.414 1 1 0 0 0 0 0 0 0 0 0 0 0 0 0 0 0 0 0 0 0 0.196 0 0 0 0 0.049 0.049 0.049 0 0.311 0.311 0.311 0.068 0.345 0.345 0.345 1 0.135 0.135 0.135 1 0.414 0.414 0.414 1 1 1 1 0 0 0 0 0 0.184 0.184 0.184 0.179 0.273 0.273 0.273 0.949 0.064 0.064 0.064 0 0.251 0.251 0.251 0 0.148 0.148 0.148 0 0.129 0.129 0.129 0 0 0 0 0 0.388 0.388 0.388 1 0.484 0.484 0.484 1 1 1 1 1 1 1 1 0 0 0 0 0.184 0 0.184 0.184 0.273 0.179 0.273 0.273 0.064 0.949 0.064 0.064 0.251 0 0.251 0.251 0.148 0 0.148 0.148 0.129 0 0.129 0.129 0 0 0 0 0.388 0 0.388 0.388 0.484 1 0.484 0.484 1 1 1 1 1 1 1 1 1 0 0 0 0 0.184 0.184 0 0.184 0.273 0.273 0.179 0.273 0.064 0.064 0.949 0.064 0.251 0.251 0 0.251 0.148 0.148 0 0.148 0.129 0.129 0 0.129 0 0 0 0 0.388 0.388 0 0.388 0.484 0.484 1 0.484 1 1 1 1 1 1 1 1 1 1 0 0 0 0 0.184 0.184 0.184 0 0.273 0.273 0.273 0.179 0.064 0.064 0.064 0.949 0.251 0.251 0.251 0 0.148 0.148 0.148 0 0.129 0.129 0.129 0 0 0 0 0 0.388 0.388 0.388 0 0.484 0.484 0.484 1 1 1 1 1 1 1 1 1 1 1 1
set_range IP 0.46 0.46 0.46 0.46 0.46 0.46 0 0 0 0 0 0 0 0 0.342 0 0 0 0 0.342 0.342 0 0 0 0 0.342 0.342 0.342 0 0 0 0 0 0 0 0 0 0 0 0 0 0 0 0 0.71 0 0 0 0 0 0 0 0 0.71 0.71 0 0 0 0 0 0 0 0 0.71 0.71 0.71 0 0 0 0 0 0 0 0 0.313 0 0 0 0 0 0 0 0 0 0 0 0 0.313 0 0 0.939 0 0 0 0 0 0 0 0 0 0 0.313 0 0.939 0.939 0 0 0 0 0 0 0 0 0 0 0 0.313 0.939 0.939 0.939 0 0 0 0 0 0 0 0 0 0 0 0 0.449 0 0 0 0 0 0 0 0 0 0 0 0 0 0 0 0 0.449 0 0 1 0 0 0 0 0 0 0 0 0 0 0 0 0 0 0.449 0 1 1 0 0 0 0 0 0 0 0 0 0 0 0 0 0 0 0.449 1 1 1 0 0 0 0 0 0 0 0 0 0 0 0 0 0 0 0 0.651 0 0 0 0 0 0 0 0 0 0 0 0 0 0 0 0 0 0 0 0 0.651 0 0 0.873 0 0 0 0 0 0 0 0 0 0 0 0 0 0 0 0 0 0 0.651 0 0.873 0.873 0 0 0 0 0 0 0 0 0 0 0 0 0 0 0 0 0 0 0 0.651 0.873 0.873 0.873 0 0 0 0 0 0 0 0 0 0 0 0 0 0 0 0 0 0 0 0 0 0 0 0 0 0 0 0 0 0 0 0 0 0 0 0 0 0 0 0 0 0 0 0 0 0 0 0 0.936 0 0 0 0 0 0 0 0 0 0 0 0 0 0 0 0 0 0 0 0 0 0 0 0 0.936 0.936 0 0 0 0 0 0 0 0 0 0 0 0 0 0 0 0 0 0 0 0 0 0 0 0 0.936 0.936 0.936 0 0 0 0 0 0 0 0 0 0 0 0 0 0 0 0 0 0 0 0 0 0 0 0 0.218 0 0 0 0 0 0 0 0 0 0 0 0 0 0 0 0 0 0 0 0 0 0 0 0 0 0 0 0 0.218 0 0 1 0 0 0 0 0 0 0 0 0 0 0 0 0 0 0 0 0 0 0 0 0 0 0 0 0 0 0.218 0 1 1 0 0 0 0 0 0 0 0 0 0 0 0 0 0 0 0 0 0 0 0 0 0 0 0 0 0 0 0.218 1 1 1 0 0 0 0 0 0 0 0 0 0 0 0 0 0 0 0 0 0 0 0 0 0 0 0 0.997 0 0 0 0.924 0 0 0 0 0 0 0 0 0 0 0 0 0 0 0 0 0 0 0 0 0 0 0 0 0 0 0 0 0.997 0 0 0 0.924 0 0 0.791 0 0 0 0 0 0 0 0 0 0 0 0 0 0 0 0 0 0 0 0 0 0 0 0 0 0 0.997 0 0 0 0.924 0 0.791 0.791 0 0 0 0 0 0 0 0 0 0 0 0 0 0 0 0 0 0 0 0 0 0 0 0 0 0 0 0.997 0 0 0 0.924 0.791 0.791 0.791 0 0 0 0 0 0 0 0 0 0 0 0 0 0 0 0 0 0 0 0 0 0 0 0 0 0 0 0 1 0 0 0 1 0 0 0 0 0 0 0 0 0 0 0 0 0 0 0 0 0 0 0 0 0 0 0 0 0 0 0 0 0 0 0 0 1 0 0 0 1 0 0 0.189 0 0 0 0 0 0 0 0 0 0 0 0 0 0 0 0 0 0 0 0 0 0 0 0 0 0 0 0 0 0 1 0 0 0 1 0 0.189 0.189 0 0 0 0 0 0 0 0 0 0 0 0 0 0 0 0 0 0 0 0 0 0 0 0 0 0 0 0 0 0 0 1 0 0 0 1 0.189 0.189 0.189 0 0 0 0 0 0 0 0 0 0 0 0 0 0 0 0 0 0 0 0 0 0 0 0 0 0 0 0 0.42 0 0 0 1 0 0 0 0.573 0 0 0 0 0 0 0 0 0 0 0 0 0 0 0 0 0 0 0 0 0 0 0 0 0 0 0 0 0 0 0 0 0.42 0 0 0 1 0 0 0 0.573 0 0 0.298 0 0 0 0 0 0 0 0 0 0 0 0 0 0 0 0 0 0 0 0 0 0 0 0 0 0 0 0 0 0 0.42 0 0 0 1 0 0 0 0.573 0 0.298 0.298 0 0 0 0 0 0 0 0 0 0 0 0 0 0 0 0 0 0 0 0 0 0 0 0 0 0 0 0 0 0 0 0.42 0 0 0 1 0 0 0 0.573 0.298 0.298 0.298 0 0 0 0 0 0 0 0 0 0 0 0 0 0 0 0 0.118 0 0 0 0 0 0 0 0 0 0 0 0.956 0 0 0 1 0.012 0.012 0.012 1 0.248 0.248 0.248 0.916 0.808 0.808 0.808 0 0 0 0 0 0 0 0 0 0 0 0 0 0 0 0 0 0.118 0 0 0 0 0 0 0 0 0 0 0 0.956 0 0 0.012 1 0.012 0.012 0.248 1 0.248 0.248 0.808 0.916 0.808 0.808 0 0 0 0 0 0 0 0 0 0 0 0 0 0 0 0 0 0 0 0.118 0 0 0 0 0 0 0 0 0 0 0 0.956 0 0.012 0.012 1 0.012 0.248 0.248 1 0.248 0.808 0.808 0.916 0.808 0 0 0 0 0 0 0 0 0 0 0 0 0 0 0 0 0 0 0 0 0 0.118 0 0 0 0 0 0 0 0 0 0 0 0.956 0.012 0.012 0.012 1 0.248 0.248 0.248 1 0.808 0.808 0.808 0.916 0 0 0 0 0 0 0 0.445 0 0 0 0.965 0 0 0 0.622 0 0 0 0.821 0 0 0 0.755 0 0 0 0.644 0 0 0 1 0 0 0 1 0.151 0.151 0.151 1 0.713 0.713 0.713 1 0.727 0.727 0.727 0 0.015 0.015 0.015 0 0 0 0 0 0.445 0 0 0 0.965 0 0 0 0.622 0 0 0 0.821 0 0 0 0.755 0 0 0 0.644 0 0 0 1 0 0 0.151 1 0.151 0.151 0.713 1 0.713 0.713 0.727 1 0.727 0.727 0.015 0 0.015 0.015 0.289 0 0 0 0 0 0 0.445 0 0 0 0.965 0 0 0 0.622 0 0 0 0.821 0 0 0 0.755 0 0 0 0.644 0 0 0 1 0 0.151 0.151 1 0.151 0.713 0.713 1 0.713 0.727 0.727 1 0.727 0.015 0.015 0 0.015 0.289 0.289 0 0 0 0 0 0 0 0.445 0 0 0 0.965 0 0 0 0.622 0 0 0 0.821 0 0 0 0.755 0 0 0 0.644 0 0 0 1 0.151 0.151 0.151 1 0.713 0.713 0.713 1 0.727 0.727 0.727 1 0.015 0.015 0.015 0 0.289 0.289 0.289
set_board QsJh2h
set_eff_stack 910
set_isomorphism 1 0
set_pot 0 0 180
clear_lines 
add_line 0 0 0 0 0 126 320 910
add_line 0 0 0 0 126 320 910
add_line 0 0 0 99 269 269 269 910
add_line 0 0 0 99 269 269 910
add_line 0 0 0 99 269 592 592 592 910
add_line 0 0 0 99 269 592 592 910
add_line 0 0 0 99 269 592 910
add_line 0 0 0 99 99 364 910
add_line 0 0 0 99 99 99 364 910
add_line 0 0 99 269 269 269 910
add_line 0 0 99 269 269 910
add_line 0 0 99 269 592 592 592 910
add_line 0 0 99 269 592 592 910
add_line 0 0 99 269 592 910
add_line 0 0 99 99 364 910
add_line 0 0 99 99 99 364 910
add_line 0 94 260 260 260 260 260 910
add_line 0 94 260 260 260 260 910
add_line 0 94 260 260 260 910
add_line 0 94 260 260 910
add_line 0 94 260 575 575 575 575 575 910
add_line 0 94 260 575 575 575 575 910
add_line 0 94 260 575 575 575 910
add_line 0 94 260 575 575 910
add_line 0 94 260 575 910
add_line 0 94 94 296 296 296 910
add_line 0 94 94 296 296 910
add_line 0 94 94 296 910
add_line 0 94 94 94 296 296 296 910
add_line 0 94 94 94 296 296 910
add_line 0 94 94 94 296 910
add_line 0 94 94 94 94 352 910
add_line 0 94 94 94 94 94 352 910
add_line 94 260 260 260 260 260 910
add_line 94 260 260 260 260 910
add_line 94 260 260 260 910
add_line 94 260 260 910
add_line 94 260 575 575 575 575 575 910
add_line 94 260 575 575 575 575 910
add_line 94 260 575 575 575 910
add_line 94 260 575 575 910
add_line 94 260 575 910
add_line 94 94 296 296 296 910
add_line 94 94 296 296 910
add_line 94 94 296 910
add_line 94 94 94 296 296 296 910
add_line 94 94 94 296 296 910
add_line 94 94 94 296 910
add_line 94 94 94 94 352 910
add_line 94 94 94 94 94 352 910
build_tree 
