# Cash 6-max 100bb SB-vs-BB BvB SRP -- ranges from Ryan's preflop pack.
#
# Generated by scripts/build_ryan_ranges_template.py from:
#   OOP (SB RFI (BvB)): ranges/ryan_preflop_tree/.../SB/UTG_Fold_HJ_Fold_CO_Fold_BTN_Fold_SB_76%.txt
#   IP  (BB call vs SB open): ranges/ryan_preflop_tree/.../BB/UTG_Fold_HJ_Fold_CO_Fold_BTN_Fold_SB_76%_BB_Call.txt
#
# Sizings (add_line entries, #FlopConfig.BetSize, etc.) and the build_tree
# command are cloned verbatim from PioSolver's shipped 2bpot-full.txt.
#Type#NoLimit
#Range0#AA:0.1,KK:0.1,QQ:0.1,JJ:0.1,TT:0.3,99:0.5,88:0.5,77:0.9,66,55,44,33,22:0.9,AK:0.1,AQs:0.1,AQo:0.5,AJs:0.5,AJo:0.8,ATs:0.8,ATo,A9,A8,A7,A6,A5,A4,A3,A2,KQs:0.5,KQo:0.8,KJs:0.5,KJo,KTs:0.8,KTo,K9,K8,K7s,K6s,K5s,K4s,K3s,K2s,QJs:0.8,QJo,QTs:0.8,QTo,Q9s:0.9,Q9o,Q8,Q7s,Q6s,Q5s,Q4s,Q3s,Q2s:0.9,JTs:0.8,JTo,J9s:0.8,J9o,J8s:0.9,J7s,J6s,J5s,J4s:0.9,J3s:0.9,T9s:0.8,T9o,T8s:0.8,T8o,T7s:0.9,T6s,T5s:0.9,98s:0.8,98o,97s:0.8,97o,96s:0.9,95s:0.9,87s:0.8,87o,86s:0.8,85s:0.8,84s:0.9,76s:0.8,75s:0.8,74s:0.8,65s:0.8,64s:0.8,63s:0.8,54s:0.8,53s:0.8,43s:0.8
#Range1#AA,KK,QQ,JJ,TT,99,88,77,66,55,44,33,22,AK,AQ,AJ,AT,A9,A8,A7,A6,A5,A4,A3s,A3o:0.5,A2s,A2o:0.5,KQ,KJ,KT,K9,K8,K7s,K7o:0.3,K6s,K5s,K4s,K3s,K2s,QJ,QT,Q9,Q8s,Q7s,Q6s,Q5s,Q4s,Q3s,Q2s:0.5,JT,J9,J8s,J7s,J6s,J5s:0.3,J4s:0.3,T9,T8,T7s,T6s:0.3,98,97s,96s,95s:0.3,87s,87o:0.3,86s,85s,84s:0.3,76s,75s,74s:0.5,65s,64s,63s:0.5,54s,53s,43s
#Board#2c Js 7s
#Pot#55
#EffectiveStacks#975
#AllinThreshold#67
#AddAllinOnlyIfLessThanThisTimesThePot#500
#FlopConfig.BetSize#65
#FlopConfig.RaiseSize#52
#FlopConfig.DonkBetSize#65
#TurnConfig.BetSize#70
#TurnConfig.RaiseSize#52
#TurnConfig.DonkBetSize#70
#RiverConfig.BetSize#75
#RiverConfig.RaiseSize#52
#RiverConfig.DonkBetSize#75
#FlopConfigIP.BetSize#65
#FlopConfigIP.RaiseSize#52
#TurnConfigIP.BetSize#70
#TurnConfigIP.RaiseSize#52
#RiverConfigIP.BetSize#75
#RiverConfigIP.RaiseSize#52
set_range OOP 1 1 1 1 1 1 0 0 0 0 0 0 0 0 1 0 0 0 0 1 1 0 0 0 0 1 1 1 0 0 0 0 0 0 0 0 0 0 0 0 0 0 0 0 1 0 0 0 0 0 0 0 0 1 1 0 0 0 0 0 0 0 0 1 1 1 0 0 0 0 1 0 0 0 1 0 0 0 0 0 0 0 0 1 0 0 0 1 0 0 1 0 0 0 0 0 0 1 0 0 0 1 0 1 1 0 0 0 0 0 0 0 1 0 0 0 1 1 1 1 0 0 0 0 0 0 0 0 1 0 0 0 1 0 0 0 0 0 0 0 0 0 0 0 0 1 0 0 0 1 0 0 1 0 0 0 0 0 0 0 0 0 0 1 0 0 0 1 0 1 1 0 0 0 0 0 0 0 0 0 0 0 1 0 0 0 1 1 1 1 0 0 0 0 0 0 0 0 0.667 0 0 0 1 0 0 0 1 0 0 0 0 0 0 0 0 0 0 0 0 0.667 0 0 0 1 0 0 0 1 0 0 1 0 0 0 0 0 0 0 0 0 0 0.667 0 0 0 1 0 0 0 1 0 1 1 0 0 0 0 0 0 0 0 0 0 0 0.667 0 0 0 1 0 0 0 1 1 1 1 0 0 0 0 0 0 0 0 0 0 0 0 1 0 0 0 1 0 0 0 1 0.128 0.128 0.128 0 0 0 0 0 0 0 0 0 0 0 0 0 1 0 0 0 1 0 0 0.128 1 0.128 0.128 1 0 0 0 0 0 0 0 0 0 0 0 0 0 0 1 0 0 0 1 0 0.128 0.128 1 0.128 1 1 0 0 0 0 0 0 0 0 0 0 0 0 0 0 0 1 0 0 0 1 0.128 0.128 0.128 1 1 1 1 0 0 0 0 0 0 0 0 0 0 0 0 0.999 0 0 0 1 0 0 0 1 0 0 0 1 1 1 1 0 0 0 0 0 0 0 0 0 0 0 0 0 0.999 0 0 0 1 0 0 0 1 0 0 1 1 1 1 1 0 0 0 0 0 0 0 0 0 0 0 0 0 0 0.999 0 0 0 1 0 0 0 1 0 1 1 1 1 1 1 0 0 0 0 0 0 0 0 0 0 0 0 0 0 0 0.999 0 0 0 1 0 0 0 1 1 1 1 1 1 1 1 0 0 0 0 0 0 0 0 0 0 0 0 1 0 0 0 1 0 0 0 1 0 0 0 1 0.848 0.848 0.848 1 1 1 1 0 0 0 0 0 0 0 0 0 0 0 0 0 1 0 0 0 1 0 0 0 1 0 0 0.848 1 0.848 0.848 1 1 1 1 1 0 0 0 0 0 0 0 0 0 0 0 0 0 0 1 0 0 0 1 0 0 0 1 0 0.848 0.848 1 0.848 1 1 1 1 1 1 0 0 0 0 0 0 0 0 0 0 0 0 0 0 0 1 0 0 0 1 0 0 0 1 0.848 0.848 0.848 1 1 1 1 1 1 1 1 0 0 0 0 0 0 0 0 0.517 0 0 0 1 0 0 0 1 0 0 0 1 0 0 0 1 0 0 0 1 1 1 1 1 1 1 1 0 0 0 0 0 0 0 0 0 0.517 0 0 0 1 0 0 0 1 0 0 0 1 0 0 0 1 0 0 1 1 1 1 1 1 1 1 1 0 0 0 0 0 0 0 0 0 0 0.517 0 0 0 1 0 0 0 1 0 0 0 1 0 0 0 1 0 1 1 1 1 1 1 1 1 1 1 0 0 0 0 0 0 0 0 0 0 0 0.517 0 0 0 1 0 0 0 1 0 0 0 1 0 0 0 1 1 1 1 1 1 1 1 1 1 1 1 0.333 0 0 0 1 0 0 0 1 0 0 0 1 0 0 0 1 0 0 0 1 0 0 0 1 0 0 0 1 1 1 1 1 1 1 1 1 1 1 1 0 0.333 0 0 0 1 0 0 0 1 0 0 0 1 0 0 0 1 0 0 0 1 0 0 0 1 0 0 1 1 1 1 1 1 1 1 1 1 1 1 1 0 0 0.333 0 0 0 1 0 0 0 1 0 0 0 1 0 0 0 1 0 0 0 1 0 0 0 1 0 1 1 1 1 1 1 1 1 1 1 1 1 1 1 0 0 0 0.333 0 0 0 1 0 0 0 1 0 0 0 1 0 0 0 1 0 0 0 1 0 0 0 1 1 1 1 1 1 1 1 1 1 1 1 1 1 1 1 1 0 0 0 1 0 0 0 1 0 0 0 1 0 0 0 1 0 0 0 1 0 0 0 1 1 1 1 1 1 1 1 1 1 1 1 1 1 1 1 1 1 1 1 0 1 0 0 0 1 0 0 0 1 0 0 0 1 0 0 0 1 0 0 0 1 0 0 1 1 1 1 1 1 1 1 1 1 1 1 1 1 1 1 1 1 1 1 1 0 0 1 0 0 0 1 0 0 0 1 0 0 0 1 0 0 0 1 0 0 0 1 0 1 1 1 1 1 1 1 1 1 1 1 1 1 1 1 1 1 1 1 1 1 1 0 0 0 1 0 0 0 1 0 0 0 1 0 0 0 1 0 0 0 1 0 0 0 1 1 1 1 1 1 1 1 1 1 1 1 1 1 1 1 1 1 1 1 1 1 1 1 1 0 0 0 1 0.018 0.018 0.018 1 1 1 1 1 1 1 1 1 1 1 1 1 1 1 1 1 1 1 1 1 1 1 1 1 1 1 1 1 1 1 1 1 1 1 1 1 1 1 1 0 1 0 0 0.018 1 0.018 0.018 1 1 1 1 1 1 1 1 1 1 1 1 1 1 1 1 1 1 1 1 1 1 1 1 1 1 1 1 1 1 1 1 1 1 1 1 1 1 1 1 1 0 0 1 0 0.018 0.018 1 0.018 1 1 1 1 1 1 1 1 1 1 1 1 1 1 1 1 1 1 1 1 1 1 1 1 1 1 1 1 1 1 1 1 1 1 1 1 1 1 1 1 1 1 0 0 0 1 0.018 0.018 0.018 1 1 1 1 1 1 1 1 1 1 1 1 1 1 1 1 1 1 1 1 1 1 1 1 1 1 1 1 1 1 1 1 1 1 1 1 1 1 1 1 1 1 1 1
set_range IP 1 1 1 1 1 1 1 0 0 0 0 1 0 0 1 0 0 1 0 1 1 0 0 0 1 1 1 1 1 0 0 0 0.953 0.954 0.954 0.954 0 1 0 0 0.954 0.953 0.954 0.954 1 0 0 1 0 0.954 0.954 0.953 0.954 1 1 0 0 0 1 0.954 0.954 0.954 0.953 1 1 1 1 0 0 0 0.994 1 1 1 0.463 0.899 0.899 0.899 0 1 0 0 1 0.994 1 1 0.899 0.463 0.899 0.899 0.959 0 0 1 0 1 1 0.994 1 0.899 0.899 0.463 0.899 0.959 0.959 0 0 0 1 1 1 1 0.994 0.899 0.899 0.899 0.463 0.959 0.959 0.959 1 0 0 0 1 0 0 0 0.888 1 1 1 0.821 1 1 1 0 1 0 0 0 1 0 0 1 0.888 1 1 1 0.821 1 1 0.611 0 0 1 0 0 0 1 0 1 1 0.888 1 1 1 0.821 1 0.611 0.611 0 0 0 1 0 0 0 1 1 1 1 0.888 1 1 1 0.821 0.611 0.611 0.611 1 0 0 0 1 0 0 0 1 0 0 0 1 1 1 1 0.61 1 1 1 0 1 0 0 0 1 0 0 0 1 0 0 1 1 1 1 1 0.61 1 1 0.77 0 0 1 0 0 0 1 0 0 0 1 0 1 1 1 1 1 1 0.61 1 0.77 0.77 0 0 0 1 0 0 0 1 0 0 0 1 1 1 1 1 1 1 1 0.61 0.77 0.77 0.77 1 0 0 0 1 0 0 0 0.499 0 0 0 1 0 0 0 0.42 1 1 1 0.583 0.966 0.966 0.966 0 1 0 0 0 1 0 0 0 0.499 0 0 0 1 0 0 1 0.42 1 1 0.966 0.583 0.966 0.966 0.522 0 0 1 0 0 0 1 0 0 0 0.499 0 0 0 1 0 1 1 0.42 1 0.966 0.966 0.583 0.966 0.522 0.522 0 0 0 1 0 0 0 1 0 0 0 0.499 0 0 0 1 1 1 1 0.42 0.966 0.966 0.966 0.583 0.522 0.522 0.522 1 0 0 0 1 0 0 0 1 0 0 0 0.306 0 0 0 0 0.898 0.898 0.898 0.393 0.905 0.905 0.905 0.84 0.834 0.834 0.834 0 1 0 0 0 1 0 0 0 1 0 0 0 0.306 0 0 0.898 0 0.898 0.898 0.905 0.393 0.905 0.905 0.834 0.84 0.834 0.834 0.168 0 0 1 0 0 0 1 0 0 0 1 0 0 0 0.306 0 0.898 0.898 0 0.898 0.905 0.905 0.393 0.905 0.834 0.834 0.84 0.834 0.168 0.168 0 0 0 1 0 0 0 1 0 0 0 1 0 0 0 0.306 0.898 0.898 0.898 0 0.905 0.905 0.905 0.393 0.834 0.834 0.834 0.84 0.168 0.168 0.168 1 0 0 0 1 0 0 0 0.461 0 0 0 0.487 0 0 0 0.652 0.676 0.676 0.676 1 0.401 0.401 0.401 1 0.868 0.868 0.868 0.578 0.792 0.792 0.792 0 1 0 0 0 1 0 0 0 0.461 0 0 0 0.487 0 0 0.676 0.652 0.676 0.676 0.401 1 0.401 0.401 0.868 1 0.868 0.868 0.792 0.578 0.792 0.792 0 0 0 1 0 0 0 1 0 0 0 0.461 0 0 0 0.487 0 0.676 0.676 0.652 0.676 0.401 0.401 1 0.401 0.868 0.868 1 0.868 0.792 0.792 0.578 0.792 0 0 0 0 0 1 0 0 0 1 0 0 0 0.461 0 0 0 0.487 0.676 0.676 0.676 0.652 0.401 0.401 0.401 1 0.868 0.868 0.868 1 0.792 0.792 0.792 0.578 0 0 0 1 0 0 0 1 0 0 0 0.557 0 0 0 0.277 0.345 0.345 0.345 0.615 0.487 0.487 0.487 0.749 0.621 0.621 0.621 1 0.642 0.642 0.642 1 0.718 0.718 0.718 0.665 0.861 0.861 0.861 0 1 0 0 0 1 0 0 0 0.557 0 0 0.345 0.277 0.345 0.345 0.487 0.615 0.487 0.487 0.621 0.749 0.621 0.621 0.642 1 0.642 0.642 0.718 1 0.718 0.718 0.861 0.665 0.861 0.861 0 0 0 1 0 0 0 1 0 0 0 0.557 0 0.345 0.345 0.277 0.345 0.487 0.487 0.615 0.487 0.621 0.621 0.749 0.621 0.642 0.642 1 0.642 0.718 0.718 1 0.718 0.861 0.861 0.665 0.861 0 0 0 0 0 1 0 0 0 1 0 0 0 0.557 0.345 0.345 0.345 0.277 0.487 0.487 0.487 0.615 0.621 0.621 0.621 0.749 0.642 0.642 0.642 1 0.718 0.718 0.718 1 0.861 0.861 0.861 0.665 0 0 0 1 0 0 0 1 0 0 0 1 0.532 0.532 0.532 1 0.912 0.912 0.912 1 0.733 0.733 0.733 1 0.88 0.88 0.88 1 0.738 0.738 0.738 1 0.973 0.973 0.973 1 0.914 0.914 0.914 1 0.739 0.739 0.739 0 1 0 0 0 1 0 0 0.532 1 0.532 0.532 0.912 1 0.912 0.912 0.733 1 0.733 0.733 0.88 1 0.88 0.88 0.738 1 0.738 0.738 0.973 1 0.973 0.973 0.914 1 0.914 0.914 0.739 1 0.739 0.739 0 0 0 1 0 0 0 1 0 0.532 0.532 1 0.532 0.912 0.912 1 0.912 0.733 0.733 1 0.733 0.88 0.88 1 0.88 0.738 0.738 1 0.738 0.973 0.973 1 0.973 0.914 0.914 1 0.914 0.739 0.739 1 0.739 0 0 0 0 0 1 0 0 0 1 0.532 0.532 0.532 1 0.912 0.912 0.912 1 0.733 0.733 0.733 1 0.88 0.88 0.88 1 0.738 0.738 0.738 1 0.973 0.973 0.973 1 0.914 0.914 0.914 1 0.739 0.739 0.739 1 0 0 0 1 0.572 0.572 0.572 1 0.829 0.829 0.829 1 0.698 0.698 0.698 1 0.798 0.798 0.798 1 0.709 0.709 0.709 1 0.687 0.687 0.687 1 0.558 0.558 0.558 1 1 1 1 0.053 0.943 0.943 0.943 0 0.899 0.899 0.899 0 0.645 0.645 0.645 0.572 1 0.572 0.572 0.829 1 0.829 0.829 0.698 1 0.698 0.698 0.798 1 0.798 0.798 0.709 1 0.709 0.709 0.687 1 0.687 0.687 0.558 1 0.558 0.558 1 1 1 1 0.943 0.053 0.943 0.943 0.899 0 0.899 0.899 0.645 0 0.645 0.645 0 0.572 0.572 1 0.572 0.829 0.829 1 0.829 0.698 0.698 1 0.698 0.798 0.798 1 0.798 0.709 0.709 1 0.709 0.687 0.687 1 0.687 0.558 0.558 1 0.558 1 1 1 1 0.943 0.943 0.053 0.943 0.899 0.899 0 0.899 0.645 0.645 0 0.645 0 0 0.572 0.572 0.572 1 0.829 0.829 0.829 1 0.698 0.698 0.698 1 0.798 0.798 0.798 1 0.709 0.709 0.709 1 0.687 0.687 0.687 1 0.558 0.558 0.558 1 1 1 1 1 0.943 0.943 0.943 0.053 0.899 0.899 0.899 0 0.645 0.645 0.645 0 0 0 0 1 0.67 0.67 0.67 0.864 0.801 0.801 0.801 0.382 0.847 0.847 0.847 0 0.872 0.872 0.872 1 0.7 0.7 0.7 1 0.685 0.685 0.685 1 1 1 1 1 1 1 1 0.467 1 1 1 0 0.976 0.976 0.976 0 0 0 0 0 0 0 0 0.67 1 0.67 0.67 0.801 0.864 0.801 0.801 0.847 0.382 0.847 0.847 0.872 0 0.872 0.872 0.7 1 0.7 0.7 0.685 1 0.685 0.685 1 1 1 1 1 1 1 1 1 0.467 1 1 0.976 0 0.976 0.976 0 0 0 0 0 0 0 0 0 0.67 0.67 1 0.67 0.801 0.801 0.864 0.801 0.847 0.847 0.382 0.847 0.872 0.872 0 0.872 0.7 0.7 1 0.7 0.685 0.685 1 0.685 1 1 1 1 1 1 1 1 1 1 0.467 1 0.976 0.976 0 0.976 0 0 0 0 0 0 0 0 0 0 0.67 0.67 0.67 1 0.801 0.801 0.801 0.864 0.847 0.847 0.847 0.382 0.872 0.872 0.872 0 0.7 0.7 0.7 1 0.685 0.685 0.685 1 1 1 1 1 1 1 1 1 1 1 1 0.467 0.976 0.976 0.976 0 0 0 0 0 0 0 0 0 0 0 0
set_board 2cJs7s
set_eff_stack 975
set_isomorphism 1 0
set_pot 0 0 55
clear_lines 
add_line 0 0 0 0 0 41 112 257 553 975
add_line 0 0 0 0 41 112 257 553 975
add_line 0 0 0 38 106 106 106 306 653 975
add_line 0 0 0 38 106 106 306 653 975
add_line 0 0 0 38 106 245 245 245 975
add_line 0 0 0 38 106 245 245 975
add_line 0 0 0 38 106 245 528 528 528 975
add_line 0 0 0 38 106 245 528 528 975
add_line 0 0 0 38 106 245 528 975
add_line 0 0 0 38 38 136 306 653 975
add_line 0 0 0 38 38 38 136 306 653 975
add_line 0 0 38 106 106 106 306 653 975
add_line 0 0 38 106 106 306 653 975
add_line 0 0 38 106 245 245 245 975
add_line 0 0 38 106 245 245 975
add_line 0 0 38 106 245 528 528 528 975
add_line 0 0 38 106 245 528 528 975
add_line 0 0 38 106 245 528 975
add_line 0 0 38 38 136 306 653 975
add_line 0 0 38 38 38 136 306 653 975
add_line 0 36 102 102 102 102 102 296 632 975
add_line 0 36 102 102 102 102 296 632 975
add_line 0 36 102 102 102 283 283 283 975
add_line 0 36 102 102 102 283 283 975
add_line 0 36 102 102 102 283 606 606 606 975
add_line 0 36 102 102 102 283 606 606 975
add_line 0 36 102 102 102 283 606 975
add_line 0 36 102 102 283 283 283 975
add_line 0 36 102 102 283 283 975
add_line 0 36 102 102 283 606 606 606 975
add_line 0 36 102 102 283 606 606 975
add_line 0 36 102 102 283 606 975
add_line 0 36 102 237 237 237 237 237 634 975
add_line 0 36 102 237 237 237 237 634 975
add_line 0 36 102 237 237 237 607 607 607 975
add_line 0 36 102 237 237 237 607 607 975
add_line 0 36 102 237 237 237 607 975
add_line 0 36 102 237 237 607 607 607 975
add_line 0 36 102 237 237 607 607 975
add_line 0 36 102 237 237 607 975
add_line 0 36 102 237 512 512 512 512 512 975
add_line 0 36 102 237 512 512 512 512 975
add_line 0 36 102 237 512 512 512 975
add_line 0 36 102 237 512 512 975
add_line 0 36 102 237 512 975
add_line 0 36 36 125 125 125 354 975
add_line 0 36 36 125 125 354 975
add_line 0 36 36 125 284 284 284 975
add_line 0 36 36 125 284 284 975
add_line 0 36 36 125 284 608 608 608 975
add_line 0 36 36 125 284 608 608 975
add_line 0 36 36 125 284 608 975
add_line 0 36 36 36 125 125 125 354 975
add_line 0 36 36 36 125 125 354 975
add_line 0 36 36 36 125 284 284 284 975
add_line 0 36 36 36 125 284 284 975
add_line 0 36 36 36 125 284 608 608 608 975
add_line 0 36 36 36 125 284 608 608 975
add_line 0 36 36 36 125 284 608 975
add_line 0 36 36 36 36 131 296 632 975
add_line 0 36 36 36 36 36 131 296 632 975
add_line 36 102 102 102 102 102 296 632 975
add_line 36 102 102 102 102 296 632 975
add_line 36 102 102 102 283 283 283 975
add_line 36 102 102 102 283 283 975
add_line 36 102 102 102 283 606 606 606 975
add_line 36 102 102 102 283 606 606 975
add_line 36 102 102 102 283 606 975
add_line 36 102 102 283 283 283 975
add_line 36 102 102 283 283 975
add_line 36 102 102 283 606 606 606 975
add_line 36 102 102 283 606 606 975
add_line 36 102 102 283 606 975
add_line 36 102 237 237 237 237 237 634 975
add_line 36 102 237 237 237 237 634 975
add_line 36 102 237 237 237 607 607 607 975
add_line 36 102 237 237 237 607 607 975
add_line 36 102 237 237 237 607 975
add_line 36 102 237 237 607 607 607 975
add_line 36 102 237 237 607 607 975
add_line 36 102 237 237 607 975
add_line 36 102 237 512 512 512 512 512 975
add_line 36 102 237 512 512 512 512 975
add_line 36 102 237 512 512 512 975
add_line 36 102 237 512 512 975
add_line 36 102 237 512 975
add_line 36 36 125 125 125 354 975
add_line 36 36 125 125 354 975
add_line 36 36 125 284 284 284 975
add_line 36 36 125 284 284 975
add_line 36 36 125 284 608 608 608 975
add_line 36 36 125 284 608 608 975
add_line 36 36 125 284 608 975
add_line 36 36 36 125 125 125 354 975
add_line 36 36 36 125 125 354 975
add_line 36 36 36 125 284 284 284 975
add_line 36 36 36 125 284 284 975
add_line 36 36 36 125 284 608 608 608 975
add_line 36 36 36 125 284 608 608 975
add_line 36 36 36 125 284 608 975
add_line 36 36 36 36 131 296 632 975
add_line 36 36 36 36 36 131 296 632 975
build_tree 
