# Cash 6-max 100bb BTN open, SB 3-bet, BTN call (3BP) -- ranges from Ryan's preflop pack.
#
# Generated by scripts/build_ryan_ranges_template.py from:
#   OOP (SB 3-bet vs BTN): ranges/ryan_preflop_tree/.../SB/UTG_Fold_HJ_Fold_CO_Fold_BTN_60%_SB_150%.txt
#   IP  (BTN call vs SB 3-bet): ranges/ryan_preflop_tree/.../BTN/UTG_Fold_HJ_Fold_CO_Fold_BTN_60%_SB_150%_BB_Fold_BTN_Call.txt
#
# Sizings (add_line entries, #FlopConfig.BetSize, etc.) and the build_tree
# command are cloned verbatim from 3bpot-full.txt.
#Type#NoLimit
#Range0#AA,KK,QQ,JJ,TT,99,88,77:0.02,66:0.02,55:0.02,44:0.02,33:0.02,22:0.02,AK,AQ,AJ,ATs,ATo:0.75,A9s,A9o:0.01,A8s,A8o:0.01,A7:0.01,A6:0.01,A5s:0.5,A5o:0.01,A4s:0.5,A4o:0.01,A3s:0.5,A3o:0.01,A2s:0.5,A2o:0.01,KQ,KJs,KJo:0.75,KTs,KTo:0.25,K9s,K9o:0.01,K8:0.01,K7s:0.01,K6s:0.01,K5s:0.01,K4s:0.01,K3s:0.01,K2s:0.01,QJs,QJo:0.5,QTs,QTo:0.25,Q9s,Q9o:0.01,Q8s:0.25,Q8o:0.01,Q7s:0.01,Q6s:0.01,Q5s:0.01,Q4s:0.01,Q3s:0.01,Q2s:0.01,JTs,JTo:0.25,J9s,J9o:0.01,J8s,J8o:0.01,J7s:0.01,J6s:0.01,J5s:0.01,J4s:0.01,J3s:0.01,J2s:0.01,T9s,T9o:0.01,T8s,T8o:0.01,T7s:0.25,T6s:0.01,T5s:0.01,T4s:0.01,T3s:0.01,T2s:0.01,98s,98o:0.01,97s,97o:0.01,96s:0.25,95s:0.01,94s:0.01,93s:0.01,92s:0.01,87s,87o:0.25,86s:0.75,86o:0.25,85s:0.25,84s:0.01,83s:0.01,82s:0.01,76s:0.75,76o:0.25,75s:0.75,75o:0.25,74s:0.25,73s:0.01,72s:0.01,65s:0.75,65o:0.25,64s:0.5,64o:0.01,63s:0.25,62s:0.01,54s:0.75,54o:0.25,53s:0.5,52s:0.25,43s:0.5,43o:0.01,42s:0.25,32s:0.25
#Range1#AA:0.25,KK:0.25,QQ:0.01,JJ:0.01,TT:0.03,99,88,77,66,55,44,33,22,AKs:0.01,AKo:0.03,AQs:0.03,AQo,AJ,AT,A9,A8,A7s,A7o:0.01,A6s,A6o:0.01,A5s,A5o:0.25,A4s,A4o:0.25,A3s,A3o:0.25,A2s,A2o:0.25,KQ,KJ,KT,K9,K8s,K8o:0.01,K7s,K7o:0.01,K6s,K5s,K4s,K3s,K2s,QJ,QT,Q9,Q8s,Q8o:0.01,Q7s,Q6s,Q5s,Q4s,Q3s,Q2s,JT,J9,J8s,J8o:0.01,J7s,J6s,J5s:0.25,J4s:0.01,J3s:0.01,J2s:0.01,T9,T8s,T8o:0.01,T7s,T6s,T5s:0.01,T4s:0.01,98,97s,96s,95s:0.25,94s:0.01,87s,87o:0.25,86s,85s:0.25,84s:0.01,83s:0.01,76s,76o:0.01,75s,74s:0.25,73s:0.01,65s,65o:0.01,64s,63s:0.25,54s,54o:0.01,53s:0.25,52s:0.01,43s,42s:0.01
#Board#Qs Jh 2h
#Pot#180
#EffectiveStacks#910
#AllinThreshold#67
#AddAllinOnlyIfLessThanThisTimesThePot#300
#FlopConfig.BetSize#52
#FlopConfig.RaiseSize#45
#FlopConfig.DonkBetSize#52
#TurnConfig.BetSize#55
#TurnConfig.RaiseSize#45
#TurnConfig.DonkBetSize#55
#RiverConfig.BetSize#70
#RiverConfig.RaiseSize#45
#RiverConfig.DonkBetSize#70
#FlopConfigIP.BetSize#52
#FlopConfigIP.RaiseSize#45
#TurnConfigIP.BetSize#55
#TurnConfigIP.RaiseSize#45
#RiverConfigIP.BetSize#70
#RiverConfigIP.RaiseSize#45
set_range OOP 0 0 0 0 0 0 0 0 0 0 0 0 0 0 0.001 0 0 0 0 0.001 0.001 0 0 0 0 0.001 0.001 0.001 0 0 0 0 0 0 0 0 0 0 0 0 0 0 0 0 0.251 0 0 0 0 0 0 0 0 0.251 0.251 0 0 0 0 0 0 0 0 0.251 0.251 0.251 0 0 0 0 0 0 0 0 0 0 0 0 0 0 0 0 0 0 0 0 0 0 0 0 0.368 0 0 0 0 0 0 0 0 0 0 0 0 0.368 0.368 0 0 0 0 0 0 0 0 0 0 0 0 0.368 0.368 0.368 0 0 0 0 0 0 0 0 0 0 0 0 0 0 0 0 0 0 0 0 0 0 0 0 0 0 0 0 0 0 0 0 0.465 0 0 0 0 0 0 0 0 0 0 0 0 0 0 0 0 0.465 0.465 0 0 0 0 0 0 0 0 0 0 0 0 0 0 0 0 0.465 0.465 0.465 0 0 0 0 0 0 0 0 0 0 0 0 0 0 0 0 0 0 0 0 0 0 0 0 0 0 0 0 0 0 0 0 0 0 0 0 0 0 0 0 0.574 0 0 0 0 0 0 0 0 0 0 0 0 0 0 0 0 0 0 0 0 0.574 0.574 0 0 0 0 0 0 0 0 0 0 0 0 0 0 0 0 0 0 0 0 0.574 0.574 0.574 0 0 0 0 0 0 0 0 0 0 0 0 0 0 0 0 0 0 0 0 0 0 0 0 0 0 0 0 0 0 0 0 0 0 0 0 0 0 0 0 0 0 0 0 0 0 0 0 0.734 0 0 0 0 0 0 0 0 0 0 0 0 0 0 0 0 0 0 0 0 0 0 0 0 0.734 0.734 0 0 0 0 0 0 0 0 0 0 0 0 0 0 0 0 0 0 0 0 0 0 0 0 0.734 0.734 0.734 0 0 0 0 0 0 0 0 0 0 0 0 0 0 0 0 0 0 0 0 0 0 0 0 0.243 0 0 0 0 0 0 0 0 0 0 0 0 0 0 0 0 0 0 0 0 0 0 0 0 0 0 0 0 0.243 0 0 0.814 0 0 0 0 0 0 0 0 0 0 0 0 0 0 0 0 0 0 0 0 0 0 0 0 0 0 0.243 0 0.814 0.814 0 0 0 0 0 0 0 0 0 0 0 0 0 0 0 0 0 0 0 0 0 0 0 0 0 0 0 0.243 0.814 0.814 0.814 0 0 0 0 0 0 0 0 0 0 0 0 0 0 0 0 0 0 0 0 0 0 0 0 0.763 0 0 0 0.795 0 0 0 0 0 0 0 0 0 0 0 0 0 0 0 0 0 0 0 0 0 0 0 0 0 0 0 0 0.763 0 0 0 0.795 0 0 0.775 0 0 0 0 0 0 0 0 0 0 0 0 0 0 0 0 0 0 0 0 0 0 0 0 0 0 0.763 0 0 0 0.795 0 0.775 0.775 0 0 0 0 0 0 0 0 0 0 0 0 0 0 0 0 0 0 0 0 0 0 0 0 0 0 0 0.763 0 0 0 0.795 0.775 0.775 0.775 0 0 0 0 0 0 0 0 0 0 0 0 0 0 0 0 0 0 0 0 0 0 0 0 0 0 0 0 0.865 0 0 0 0.962 0.11 0.11 0.11 0 0 0 0 0 0 0 0 0 0 0 0 0 0 0 0 0 0 0 0 0 0 0 0 0 0 0 0 0 0.865 0 0 0.11 0.962 0.11 0.11 1 0 0 0 0 0 0 0 0 0 0 0 0 0 0 0 0 0 0 0 0 0 0 0 0 0 0 0 0 0 0 0.865 0 0.11 0.11 0.962 0.11 1 1 0 0 0 0 0 0 0 0 0 0 0 0 0 0 0 0 0 0 0 0 0 0 0 0 0 0 0 0 0 0 0 0.865 0.11 0.11 0.11 0.962 1 1 1 0 0 0 0 0 0 0 0 0 0 0 0 0 0 0 0 0 0 0 0 0 0 0 0 0 0 0 0 0.477 0 0 0 0.53 0.007 0.007 0.007 0.465 0 0 0 0 0 0 0 0 0 0 0 0 0 0 0 0 0 0 0 0 0 0 0 0 0 0 0 0 0 0 0 0 0.477 0 0 0.007 0.53 0.007 0.007 0 0.465 0 0 1 0 0 0 0 0 0 0 0 0 0 0 0 0 0 0 0 0 0 0 0 0 0 0 0 0 0 0 0 0 0 0.477 0 0.007 0.007 0.53 0.007 0 0 0.465 0 1 1 0 0 0 0 0 0 0 0 0 0 0 0 0 0 0 0 0 0 0 0 0 0 0 0 0 0 0 0 0 0 0 0.477 0.007 0.007 0.007 0.53 0 0 0 0.465 1 1 1 0 0 0 0 0 0 0 0 0 0 0 0 0 0 0 0 0 0 0 0 0 0 0 0 0 0 0 0 0.567 0 0 0 0.927 0.39 0.39 0.39 0.995 0.609 0.609 0.609 0.961 0.82 0.82 0.82 0 0 0 0 0 0 0 0 0 0 0 0 0 0 0 0 0 0 0 0 0 0 0 0 0 0 0 0 0 0.567 0 0 0.39 0.927 0.39 0.39 0.609 0.995 0.609 0.609 0.82 0.961 0.82 0.82 1 0 0 0 0 0 0 0 0 0 0 0 0 0 0 0 0 0 0 0 0 0 0 0 0 0 0 0 0 0 0 0.567 0 0.39 0.39 0.927 0.39 0.609 0.609 0.995 0.609 0.82 0.82 0.961 0.82 1 1 0 0 0 0 0 0 0 0 0 0 0 0 0 0 0 0 0 0 0 0 0 0 0 0 0 0 0 0 0 0 0 0.567 0.39 0.39 0.39 0.927 0.609 0.609 0.609 0.995 0.82 0.82 0.82 0.961 1 1 1 0 0 0 0 0.422 0 0 0 0.432 0 0 0 0.8 0 0 0 0.425 0 0 0 0.549 0 0 0 0.434 0 0 0 0.065 0 0 0 0.965 0.691 0.691 0.691 0.825 0.916 0.916 0.916 1 0.828 0.828 0.828 1 1 1 1 0 0 0 0 0 0.422 0 0 0 0.432 0 0 0 0.8 0 0 0 0.425 0 0 0 0.549 0 0 0 0.434 0 0 0 0.065 0 0 0.691 0.965 0.691 0.691 0.916 0.825 0.916 0.916 0.828 1 0.828 0.828 1 1 1 1 1 0 0 0 0 0 0 0.422 0 0 0 0.432 0 0 0 0.8 0 0 0 0.425 0 0 0 0.549 0 0 0 0.434 0 0 0 0.065 0 0.691 0.691 0.965 0.691 0.916 0.916 0.825 0.916 0.828 0.828 1 0.828 1 1 1 1 1 1 0 0 0 0 0 0 0 0.422 0 0 0 0.432 0 0 0 0.8 0 0 0 0.425 0 0 0 0.549 0 0 0 0.434 0 0 0 0.065 0.691 0.691 0.691 0.965 0.916 0.916 0.916 0.825 0.828 0.828 0.828 1 1 1 1 1 1 1 1
set_range IP 0.96 0.96 0.96 0.96 0.96 0.96 0 0 0 0 0 0 0 0 0.69 0 0 0 0 0.69 0.69 0 0 0 0 0.69 0.69 0.69 0 0 0 0 0 0 0 0 0 0 0 0 0 0 0 0 0.976 0 0 0 0 0 0 0 0 0.976 0.976 0 0 0 0 0 0 0 0 0.976 0.976 0.976 0 0 0 0 0 0 0 0 0.883 0 0 0 0 0 0 0 0 0 0 0 0 0.883 0 0 1 0 0 0 0 0 0 0 0 0 0 0.883 0 1 1 0 0 0 0 0 0 0 0 0 0 0 0.883 1 1 1 0 0 0 0 0 0 0 0 0 0 0 0 0.629 0 0 0 0 0 0 0 0 0 0 0 0 0 0 0 0 0.629 0 0 1 0 0 0 0 0 0 0 0 0 0 0 0 0 0 0.629 0 1 1 0 0 0 0 0 0 0 0 0 0 0 0 0 0 0 0.629 1 1 1 0 0 0 0 0 0 0 0 0 0 0 0 0 0 0 0 0.888 0 0 0 0 0 0 0 0 0 0 0 0 0 0 0 0 0 0 0 0 0.888 0 0 0.928 0 0 0 0 0 0 0 0 0 0 0 0 0 0 0 0 0 0 0.888 0 0.928 0.928 0 0 0 0 0 0 0 0 0 0 0 0 0 0 0 0 0 0 0 0.888 0.928 0.928 0.928 0 0 0 0 0 0 0 0 0 0 0 0 0 0 0 0 0 0 0 0 0.086 0 0 0 0 0 0 0 0 0 0 0 0 0 0 0 0 0 0 0 0 0 0 0 0 0.086 0 0 0.914 0 0 0 0 0 0 0 0 0 0 0 0 0 0 0 0 0 0 0 0 0 0 0.086 0 0.914 0.914 0 0 0 0 0 0 0 0 0 0 0 0 0 0 0 0 0 0 0 0 0 0 0 0.086 0.914 0.914 0.914 0 0 0 0 0 0 0 0 0 0 0 0 0 0 0 0 0 0 0 0 0 0 0 0 1 0 0 0 0 0 0 0 0 0 0 0 0 0 0 0 0 0 0 0 0 0 0 0 0 0 0 0 0 1 0 0 0.91 0 0 0 0 0 0 0 0 0 0 0 0 0 0 0 0 0 0 0 0 0 0 0 0 0 0 1 0 0.91 0.91 0 0 0 0 0 0 0 0 0 0 0 0 0 0 0 0 0 0 0 0 0 0 0 0 0 0 0 1 0.91 0.91 0.91 0 0 0 0 0 0 0 0 0 0 0 0 0 0 0 0 0 0 0 0 0 0 0 0 0.883 0 0 0 1 0 0 0 0 0 0 0 0 0 0 0 0 0 0 0 0 0 0 0 0 0 0 0 0 0 0 0 0 0.883 0 0 0 1 0 0 0.766 0 0 0 0 0 0 0 0 0 0 0 0 0 0 0 0 0 0 0 0 0 0 0 0 0 0 0.883 0 0 0 1 0 0.766 0.766 0 0 0 0 0 0 0 0 0 0 0 0 0 0 0 0 0 0 0 0 0 0 0 0 0 0 0 0.883 0 0 0 1 0.766 0.766 0.766 0 0 0 0 0 0 0 0 0 0 0 0 0 0 0 0 0 0 0 0 0 0 0 0 0 0 0 0 1 0 0 0 1 0 0 0 0 0 0 0 0 0 0 0 0 0 0 0 0 0 0 0 0 0 0 0 0 0 0 0 0 0 0 0 0 1 0 0 0 1 0 0 0.476 0 0 0 0 0 0 0 0 0 0 0 0 0 0 0 0 0 0 0 0 0 0 0 0 0 0 0 0 0 0 1 0 0 0 1 0 0.476 0.476 0 0 0 0 0 0 0 0 0 0 0 0 0 0 0 0 0 0 0 0 0 0 0 0 0 0 0 0 0 0 0 1 0 0 0 1 0.476 0.476 0.476 0 0 0 0 0 0 0 0 0 0 0 0 0 0 0 0 0 0 0 0 0 0 0 0 0 0 0 0 0.851 0 0 0 1 0 0 0 0.309 0 0 0 0 0 0 0 0 0 0 0 0 0 0 0 0 0 0 0 0 0 0 0 0 0 0 0 0 0 0 0 0 0.851 0 0 0 1 0 0 0 0.309 0 0 0.234 0 0 0 0 0 0 0 0 0 0 0 0 0 0 0 0 0 0 0 0 0 0 0 0 0 0 0 0 0 0 0.851 0 0 0 1 0 0 0 0.309 0 0.234 0.234 0 0 0 0 0 0 0 0 0 0 0 0 0 0 0 0 0 0 0 0 0 0 0 0 0 0 0 0 0 0 0 0.851 0 0 0 1 0 0 0 0.309 0.234 0.234 0.234 0 0 0 0 0 0 0 0 0 0 0 0 0 0 0 0 0 0 0 0 0 0 0 0 0 0 0 0 0.825 0 0 0 1 0 0 0 1 0.095 0.095 0.095 1 0.814 0.814 0.814 0 0 0 0 0 0 0 0 0 0 0 0 0 0 0 0 0 0 0 0 0 0 0 0 0 0 0 0 0 0.825 0 0 0 1 0 0 0.095 1 0.095 0.095 0.814 1 0.814 0.814 0 0 0 0 0 0 0 0 0 0 0 0 0 0 0 0 0 0 0 0 0 0 0 0 0 0 0 0 0 0 0 0.825 0 0 0 1 0 0.095 0.095 1 0.095 0.814 0.814 1 0.814 0 0 0 0 0 0 0 0 0 0 0 0 0 0 0 0 0 0 0 0 0 0 0 0 0 0 0 0 0 0 0 0 0 0.825 0 0 0 1 0.095 0.095 0.095 1 0.814 0.814 0.814 1 0 0 0 0 0 0 0 0.411 0 0 0 0.773 0 0 0 0.999 0 0 0 0.81 0 0 0 0.597 0 0 0 0.681 0 0 0 0.683 0 0 0 1 0.024 0.024 0.024 1 0.782 0.782 0.782 1 0.845 0.845 0.845 0 0.168 0.168 0.168 0 0 0 0 0 0.411 0 0 0 0.773 0 0 0 0.999 0 0 0 0.81 0 0 0 0.597 0 0 0 0.681 0 0 0 0.683 0 0 0.024 1 0.024 0.024 0.782 1 0.782 0.782 0.845 1 0.845 0.845 0.168 0 0.168 0.168 0.306 0 0 0 0 0 0 0.411 0 0 0 0.773 0 0 0 0.999 0 0 0 0.81 0 0 0 0.597 0 0 0 0.681 0 0 0 0.683 0 0.024 0.024 1 0.024 0.782 0.782 1 0.782 0.845 0.845 1 0.845 0.168 0.168 0 0.168 0.306 0.306 0 0 0 0 0 0 0 0.411 0 0 0 0.773 0 0 0 0.999 0 0 0 0.81 0 0 0 0.597 0 0 0 0.681 0 0 0 0.683 0.024 0.024 0.024 1 0.782 0.782 0.782 1 0.845 0.845 0.845 1 0.168 0.168 0.168 0 0.306 0.306 0.306
set_board QsJh2h
set_eff_stack 910
set_isomorphism 1 0
set_pot 0 0 180
clear_lines 
add_line 0 0 0 0 0 126 320 910
add_line 0 0 0 0 126 320 910
add_line 0 0 0 99 269 269 269 910
add_line 0 0 0 99 269 269 910
add_line 0 0 0 99 269 592 592 592 910
add_line 0 0 0 99 269 592 592 910
add_line 0 0 0 99 269 592 910
add_line 0 0 0 99 99 364 910
add_line 0 0 0 99 99 99 364 910
add_line 0 0 99 269 269 269 910
add_line 0 0 99 269 269 910
add_line 0 0 99 269 592 592 592 910
add_line 0 0 99 269 592 592 910
add_line 0 0 99 269 592 910
add_line 0 0 99 99 364 910
add_line 0 0 99 99 99 364 910
add_line 0 94 260 260 260 260 260 910
add_line 0 94 260 260 260 260 910
add_line 0 94 260 260 260 910
add_line 0 94 260 260 910
add_line 0 94 260 575 575 575 575 575 910
add_line 0 94 260 575 575 575 575 910
add_line 0 94 260 575 575 575 910
add_line 0 94 260 575 575 910
add_line 0 94 260 575 910
add_line 0 94 94 296 296 296 910
add_line 0 94 94 296 296 910
add_line 0 94 94 296 910
add_line 0 94 94 94 296 296 296 910
add_line 0 94 94 94 296 296 910
add_line 0 94 94 94 296 910
add_line 0 94 94 94 94 352 910
add_line 0 94 94 94 94 94 352 910
add_line 94 260 260 260 260 260 910
add_line 94 260 260 260 260 910
add_line 94 260 260 260 910
add_line 94 260 260 910
add_line 94 260 575 575 575 575 575 910
add_line 94 260 575 575 575 575 910
add_line 94 260 575 575 575 910
add_line 94 260 575 575 910
add_line 94 260 575 910
add_line 94 94 296 296 296 910
add_line 94 94 296 296 910
add_line 94 94 296 910
add_line 94 94 94 296 296 296 910
add_line 94 94 94 296 296 910
add_line 94 94 94 296 910
add_line 94 94 94 94 352 910
add_line 94 94 94 94 94 352 910
build_tree 
